1:ItNr	2:Metric	3:StepSize	4:||Gradient||	Time[ms]
0	-0.642963	1.000000	0.003051	237.0
1	-0.645786	1.000000	0.002687	3.1
2	-0.647975	1.000000	0.002645	3.1
3	-0.650723	1.000000	0.002615	3.4
4	-0.653759	1.000000	0.002423	3.7
5	-0.656147	1.000000	0.002249	3.1
6	-0.657928	1.000000	0.002045	3.0
7	-0.659920	1.000000	0.001920	3.1
8	-0.661986	1.000000	0.001848	3.0
9	-0.663783	1.000000	0.001756	3.7
10	-0.665434	1.000000	0.001650	3.1
11	-0.666897	1.000000	0.001540	3.1
12	-0.668152	1.000000	0.001465	3.0
13	-0.669605	1.000000	0.001476	3.0
14	-0.671027	1.000000	0.001425	3.7
15	-0.672419	1.000000	0.001370	3.1
16	-0.673545	1.000000	0.001309	3.1
17	-0.674984	1.000000	0.001259	3.0
18	-0.676346	1.000000	0.001318	3.0
19	-0.677423	1.000000	0.001265	3.4
20	-0.678428	1.000000	0.001178	3.2
21	-0.679427	1.000000	0.001101	3.2
22	-0.679469	1.000000	0.001111	3.1
23	-0.681018	1.000000	0.001119	3.1
24	-0.681949	1.000000	0.001045	3.4
25	-0.682951	1.000000	0.001020	3.1
26	-0.683951	1.000000	0.001047	3.1
27	-0.685011	1.000000	0.001010	3.0
28	-0.685971	1.000000	0.000953	3.0
29	-0.686513	1.000000	0.000914	3.1
30	-0.687360	1.000000	0.000866	3.8
31	-0.688191	1.000000	0.000815	3.4
32	-0.689390	1.000000	0.000827	3.0
33	-0.689961	1.000000	0.000860	3.0
34	-0.690979	1.000000	0.000802	3.2
35	-0.690914	1.000000	0.000795	3.3
36	-0.691876	1.000000	0.000814	3.0
37	-0.692630	1.000000	0.000799	3.0
38	-0.692955	1.000000	0.000773	2.9
39	-0.693827	1.000000	0.000749	2.9
40	-0.694374	1.000000	0.000742	3.7
41	-0.695108	1.000000	0.000749	3.0
42	-0.695775	1.000000	0.000716	2.9
43	-0.696654	1.000000	0.000729	2.9
44	-0.697300	1.000000	0.000725	2.9
45	-0.697734	1.000000	0.000733	3.6
46	-0.698070	1.000000	0.000716	3.2
47	-0.698168	1.000000	0.000696	3.8
48	-0.698683	1.000000	0.000679	3.4
49	-0.699136	1.000000	0.000732	3.1
50	-0.699561	1.000000	0.000759	3.5
51	-0.699961	1.000000	0.000779	3.0
52	-0.700550	0.500000	0.000813	2.9
53	-0.700497	0.500000	0.000558	2.9
54	-0.700759	0.500000	0.000574	3.0
55	-0.700992	0.500000	0.000588	3.5
56	-0.701266	0.500000	0.000565	3.0
57	-0.701539	0.500000	0.000586	2.9
58	-0.701807	0.500000	0.000555	2.9
59	-0.702050	0.500000	0.000589	3.2
60	-0.702306	0.500000	0.000596	3.6
61	-0.702640	0.500000	0.000579	3.5
62	-0.702894	0.500000	0.000577	3.2
63	-0.703121	0.500000	0.000582	2.9
64	-0.703166	0.500000	0.000586	3.1
65	-0.703178	0.500000	0.000607	3.6
66	-0.703402	0.500000	0.000582	3.0
67	-0.703649	0.500000	0.000564	2.9
68	-0.703897	0.500000	0.000567	3.0
69	-0.704354	0.500000	0.000546	2.9
70	-0.704387	0.500000	0.000561	3.5
71	-0.704843	0.500000	0.000562	3.0
72	-0.705095	0.500000	0.000540	2.9
73	-0.705216	0.500000	0.000561	3.0
74	-0.705448	0.500000	0.000606	2.9
75	-0.705651	0.500000	0.000606	3.5
76	-0.705860	0.500000	0.000580	3.0
77	-0.706074	0.500000	0.000575	3.0
78	-0.706297	0.500000	0.000533	3.0
79	-0.706519	0.500000	0.000575	2.9
80	-0.706718	0.500000	0.000580	3.1
81	-0.706930	0.500000	0.000542	3.5
82	-0.707019	0.500000	0.000541	3.0
83	-0.707233	0.500000	0.000530	3.1
84	-0.707254	0.500000	0.000549	3.0
85	-0.707431	0.500000	0.000584	2.9
86	-0.707619	0.500000	0.000597	3.4
87	-0.707777	0.500000	0.000580	3.0
88	-0.707967	0.500000	0.000547	3.0
89	-0.707770	0.500000	0.000556	3.3
90	-0.707909	0.500000	0.000569	2.9
91	-0.707929	0.500000	0.000542	3.6
92	-0.707702	0.500000	0.000484	3.0
93	-0.707885	0.500000	0.000494	3.0
94	-0.708073	0.500000	0.000498	3.0
95	-0.708254	0.500000	0.000504	2.9
96	-0.708436	0.500000	0.000489	3.7
97	-0.708628	0.500000	0.000510	3.6
98	-0.708966	0.500000	0.000537	3.2
99	-0.708884	0.500000	0.000541	3.0
100	-0.708910	0.500000	0.000498	2.9
101	-0.709202	0.500000	0.000570	3.7
102	-0.709405	0.500000	0.000517	3.0
103	-0.709629	0.500000	0.000490	2.9
104	-0.709799	0.500000	0.000493	2.9
105	-0.709980	0.500000	0.000493	2.9
106	-0.710175	0.500000	0.000518	3.7
107	-0.710315	0.500000	0.000635	3.0
108	-0.710480	0.500000	0.000573	2.9
109	-0.710669	0.500000	0.000538	2.9
110	-0.710874	0.500000	0.000553	2.9
111	-0.711062	0.500000	0.000561	3.5
112	-0.711272	0.500000	0.000549	3.0
113	-0.711454	0.500000	0.000554	2.9
114	-0.711949	0.500000	0.000532	2.9
115	-0.712150	0.500000	0.000543	2.9
116	-0.712342	0.500000	0.000535	3.4
117	-0.712547	0.500000	0.000543	3.3
118	-0.712753	0.500000	0.000524	2.9
119	-0.712963	0.500000	0.000525	2.9
120	-0.713192	0.500000	0.000521	2.9
121	-0.713396	0.500000	0.000531	2.9
122	-0.713567	0.500000	0.000506	3.5
123	-0.713790	0.500000	0.000492	2.9
124	-0.713991	0.500000	0.000491	2.9
125	-0.714286	0.500000	0.000487	2.9
126	-0.714494	0.500000	0.000511	3.1
127	-0.714701	0.500000	0.000569	3.6
128	-0.714894	0.500000	0.000572	3.4
129	-0.714729	0.500000	0.000537	3.2
130	-0.714924	0.500000	0.000578	3.1
131	-0.715085	0.500000	0.000566	3.4
132	-0.715285	0.500000	0.000564	3.7
133	-0.715459	0.500000	0.000612	3.0
134	-0.715666	0.500000	0.000604	2.9
135	-0.715837	0.500000	0.000643	3.0
136	-0.716001	0.500000	0.000631	2.9
137	-0.716171	0.500000	0.000563	3.6
138	-0.716354	0.500000	0.000627	3.0
139	-0.716488	0.500000	0.000609	2.9
140	-0.716674	0.500000	0.000572	3.0
141	-0.716837	0.500000	0.000525	2.9
142	-0.717035	0.500000	0.000490	3.4
143	-0.717228	0.500000	0.000501	3.0
144	-0.717399	0.500000	0.000486	3.0
145	-0.717607	0.500000	0.000468	3.0
146	-0.717797	0.500000	0.000511	2.9
147	-0.717959	0.500000	0.000523	3.1
148	-0.718156	0.500000	0.000539	3.3
149	-0.718343	0.500000	0.000505	2.9
150	-0.718327	0.500000	0.000561	3.0
151	-0.718756	0.500000	0.000532	2.9
152	-0.718744	0.500000	0.000494	2.9
153	-0.718951	0.500000	0.000516	3.6
154	-0.719153	0.500000	0.000552	3.0
155	-0.719397	0.500000	0.000579	3.0
156	-0.719647	0.500000	0.000549	2.9
157	-0.719897	0.500000	0.000529	2.9
158	-0.720146	0.500000	0.000527	3.7
159	-0.720394	0.500000	0.000535	2.9
160	-0.720634	0.500000	0.000543	3.0
161	-0.720858	0.500000	0.000580	2.9
162	-0.721084	0.500000	0.000551	2.9
163	-0.721326	0.500000	0.000548	3.5
164	-0.721557	0.500000	0.000536	3.5
165	-0.721796	0.500000	0.000512	3.6
166	-0.722019	0.500000	0.000524	3.3
167	-0.722221	0.500000	0.000589	3.6
168	-0.722397	0.500000	0.000526	3.7
169	-0.722604	0.500000	0.000504	3.0
170	-0.722771	0.500000	0.000507	2.9
171	-0.723209	0.500000	0.000486	2.9
172	-0.723427	0.500000	0.000452	2.9
173	-0.723619	0.500000	0.000468	3.6
174	-0.723813	0.500000	0.000471	3.0
175	-0.724215	0.500000	0.000492	2.9
176	-0.724109	0.500000	0.000526	2.9
177	-0.724278	0.500000	0.000522	2.9
178	-0.724485	0.500000	0.000478	3.4
179	-0.724671	0.500000	0.000493	3.3
180	-0.724829	0.500000	0.000494	2.9
181	-0.725039	0.500000	0.000494	2.9
182	-0.725192	0.500000	0.000520	2.9
183	-0.725373	0.500000	0.000515	3.5
184	-0.725577	0.500000	0.000500	3.4
185	-0.725789	0.500000	0.000496	3.0
186	-0.725964	0.500000	0.000553	2.9
187	-0.726119	0.500000	0.000559	2.9
188	-0.726313	0.500000	0.000512	3.3
189	-0.726450	0.500000	0.000509	3.5
190	-0.726615	0.500000	0.000526	3.0
191	-0.726779	0.500000	0.000541	2.9
192	-0.726918	0.500000	0.000509	2.9
193	-0.727093	0.500000	0.000502	3.3
194	-0.727226	0.500000	0.000518	3.7
195	-0.727381	0.500000	0.000472	3.3
196	-0.727544	0.500000	0.000412	3.0
197	-0.727825	0.500000	0.000470	2.9
198	-0.727979	0.500000	0.000454	3.1
199	-0.728178	0.500000	0.000437	3.4
200	-0.728366	0.500000	0.000436	3.0
201	-0.728431	0.500000	0.000455	3.0
202	-0.728708	0.500000	0.000512	3.1
203	-0.728754	0.500000	0.000482	2.9
204	-0.729017	0.500000	0.000520	3.6
205	-0.729030	0.500000	0.000527	3.0
206	-0.729184	0.500000	0.000533	2.9
207	-0.729459	0.500000	0.000496	3.0
208	-0.729493	0.500000	0.000494	3.2
209	-0.729760	0.500000	0.000493	3.4
210	-0.729868	0.500000	0.000502	2.9
211	-0.730353	0.500000	0.000492	2.9
212	-0.730214	0.500000	0.000465	3.0
213	-0.730637	0.500000	0.000456	2.9
214	-0.730604	0.500000	0.000513	3.7
215	-0.730776	0.500000	0.000566	3.4
216	-0.731031	0.500000	0.000445	3.4
217	-0.731069	0.500000	0.000418	3.0
218	-0.731155	0.500000	0.000492	2.9
219	-0.731439	0.500000	0.000517	3.7
220	-0.731296	0.500000	0.000484	3.0
221	-0.731426	0.500000	0.000479	3.0
222	-0.731569	0.500000	0.000473	2.9
223	-0.731799	0.500000	0.000486	2.9
224	-0.731834	0.500000	0.000496	3.6
225	-0.731948	0.500000	0.000502	3.0
226	-0.732190	0.250000	0.000507	3.0
227	-0.732170	0.250000	0.000389	2.9
228	-0.732362	0.250000	0.000373	3.0
229	-0.732334	0.250000	0.000367	3.1
230	-0.732412	0.250000	0.000394	3.7
231	-0.732553	0.250000	0.000385	3.6
232	-0.732738	0.250000	0.000378	3.0
233	-0.732663	0.250000	0.000388	2.9
234	-0.732730	0.250000	0.000406	3.3
235	-0.732802	0.250000	0.000391	3.6
236	-0.733003	0.250000	0.000392	3.5
237	-0.732966	0.250000	0.000389	3.4
238	-0.733140	0.250000	0.000406	3.5
239	-0.733095	0.250000	0.000393	3.8
240	-0.733164	0.250000	0.000403	3.5
241	-0.733340	0.250000	0.000395	3.4
242	-0.733303	0.250000	0.000405	3.4
243	-0.733384	0.250000	0.000382	2.9
244	-0.733563	0.250000	0.000377	3.7
245	-0.733533	0.250000	0.000376	3.0
246	-0.733605	0.250000	0.000384	3.0
247	-0.733730	0.250000	0.000374	3.0
248	-0.733696	0.250000	0.000365	2.9
249	-0.733870	0.250000	0.000365	3.6
250	-0.733732	0.250000	0.000353	3.0
251	-0.734077	0.250000	0.000353	2.9
252	-0.734244	0.250000	0.000371	2.9
253	-0.734202	0.250000	0.000360	2.9
254	-0.734371	0.250000	0.000372	3.6
255	-0.734389	0.250000	0.000373	2.9
256	-0.734452	0.250000	0.000367	2.9
257	-0.734619	0.250000	0.000345	2.9
258	-0.734582	0.250000	0.000360	3.2
259	-0.734744	0.250000	0.000344	3.7
260	-0.734712	0.250000	0.000331	3.8
261	-0.734881	0.250000	0.000341	3.8
262	-0.734844	0.250000	0.000364	3.7
263	-0.735003	0.250000	0.000395	3.3
264	-0.734953	0.250000	0.000357	3.7
265	-0.735120	0.250000	0.000361	3.4
266	-0.735069	0.250000	0.000409	3.4
267	-0.735306	0.250000	0.000398	3.2
268	-0.735176	0.250000	0.000408	3.5
269	-0.735411	0.250000	0.000370	3.1
270	-0.735292	0.250000	0.000338	3.0
271	-0.735534	0.250000	0.000323	3.0
272	-0.735496	0.250000	0.000310	2.9
273	-0.735664	0.250000	0.000316	3.0
274	-0.735619	0.250000	0.000338	3.4
275	-0.735773	0.250000	0.000336	2.9
276	-0.735836	0.250000	0.000305	3.2
277	-0.735796	0.250000	0.000306	2.9
278	-0.735956	0.250000	0.000344	2.9
279	-0.735904	0.250000	0.000326	3.7
280	-0.735927	0.250000	0.000324	3.0
281	-0.736127	0.250000	0.000309	3.0
282	-0.736084	0.250000	0.000332	3.0
283	-0.736136	0.250000	0.000330	2.9
284	-0.736300	0.250000	0.000330	4.0
285	-0.736257	0.250000	0.000337	3.5
286	-0.736261	0.250000	0.000441	3.1
287	-0.736448	0.250000	0.000341	3.0
288	-0.736371	0.250000	0.000353	2.9
289	-0.736455	0.250000	0.000392	3.7
290	-0.736378	0.250000	0.000441	3.1
291	-0.736545	0.125000	0.000382	3.0
292	-0.736684	0.125000	0.000319	3.0
293	-0.736576	0.125000	0.000322	2.9
294	-0.736647	0.125000	0.000325	3.7
295	-0.736638	0.125000	0.000317	3.6
296	-0.736709	0.125000	0.000325	3.3
297	-0.736699	0.125000	0.000307	3.0
298	-0.736871	0.125000	0.000333	2.9
299	-0.736797	0.125000	0.000322	3.7
300	-0.736906	0.125000	0.000323	3.0
301	-0.737077	0.125000	0.000325	2.9
302	-0.736999	0.125000	0.000311	2.9
303	-0.736914	0.125000	0.000336	2.9
304	-0.737155	0.125000	0.000348	3.8
305	-0.736862	0.125000	0.000313	3.0
306	-0.737214	0.125000	0.000310	2.9
307	-0.737241	0.125000	0.000337	2.9
308	-0.737158	0.125000	0.000347	2.9
309	-0.737068	0.125000	0.000348	3.5
310	-0.737206	0.125000	0.000367	3.1
311	-0.737113	0.125000	0.000316	2.9
312	-0.737283	0.125000	0.000301	2.9
313	-0.737061	0.125000	0.000370	2.9
314	-0.737326	0.125000	0.000325	3.3
315	-0.737109	0.125000	0.000316	3.1
316	-0.737237	0.125000	0.000309	2.9
317	-0.737264	0.125000	0.000310	2.9
318	-0.737326	0.125000	0.000356	2.9
319	-0.737312	0.125000	0.000354	2.9
320	-0.737368	0.125000	0.000342	3.6
321	-0.737358	0.125000	0.000304	3.0
322	-0.737276	0.125000	0.000296	2.9
323	-0.737406	0.125000	0.000336	2.9
324	-0.737427	0.125000	0.000313	3.2
325	-0.737351	0.125000	0.000277	3.7
326	-0.737485	0.125000	0.000283	3.5
327	-0.737406	0.125000	0.000333	3.3
328	-0.737532	0.125000	0.000283	3.0
329	-0.737459	0.125000	0.000278	3.3
330	-0.737590	0.125000	0.000308	3.6
331	-0.737509	0.125000	0.000303	3.0
332	-0.737639	0.125000	0.000311	2.9
333	-0.737565	0.125000	0.000305	3.0
334	-0.737594	0.125000	0.000338	2.9
335	-0.737719	0.125000	0.000311	3.7
336	-0.737650	0.125000	0.000298	3.0
337	-0.737782	0.125000	0.000340	3.0
338	-0.737705	0.125000	0.000337	3.1
339	-0.737834	0.125000	0.000286	2.9
340	-0.737768	0.125000	0.000292	3.6
341	-0.737897	0.125000	0.000321	3.0
342	-0.737823	0.125000	0.000334	3.0
343	-0.737849	0.125000	0.000298	3.0
344	-0.737979	0.125000	0.000284	2.9
345	-0.738009	0.125000	0.000325	3.5
346	-0.737934	0.125000	0.000308	3.0
347	-0.738064	0.125000	0.000290	2.9
348	-0.737996	0.125000	0.000289	3.0
349	-0.738318	0.125000	0.000330	2.9
350	-0.738242	0.125000	0.000307	3.0
351	-0.738372	0.125000	0.000286	3.4
352	-0.738225	0.125000	0.000308	3.0
353	-0.738348	0.125000	0.000321	3.0
354	-0.738483	0.125000	0.000309	3.5
355	-0.738612	0.125000	0.000295	3.0
356	-0.738544	0.125000	0.000288	3.6
357	-0.738671	0.125000	0.000329	3.0
358	-0.738597	0.125000	0.000316	3.0
359	-0.738725	0.125000	0.000291	2.9
360	-0.738735	0.125000	0.000292	2.9
361	-0.738862	0.125000	0.000301	3.6
362	-0.738745	0.125000	0.000305	3.7
363	-0.738679	0.125000	0.000315	3.3
364	-0.738799	0.125000	0.000322	3.0
365	-0.738827	0.125000	0.000316	3.0
366	-0.738754	0.125000	0.000300	3.6
367	-0.738804	0.125000	0.000322	3.1
368	-0.738805	0.125000	0.000306	2.9
369	-0.738933	0.125000	0.000270	2.9
370	-0.738865	0.125000	0.000288	2.9
371	-0.738910	0.125000	0.000304	3.6
372	-0.739012	0.125000	0.000316	3.0
373	-0.738737	0.125000	0.000319	2.9
374	-0.738860	0.125000	0.000292	2.9
375	-0.738792	0.125000	0.000308	2.9
376	-0.738835	0.125000	0.000301	3.5
377	-0.738768	0.125000	0.000310	3.0
378	-0.738963	0.125000	0.000297	2.9
379	-0.738897	0.125000	0.000303	2.9
380	-0.739018	0.125000	0.000300	2.9
381	-0.739048	0.125000	0.000295	3.4
382	-0.738981	0.125000	0.000286	3.1
383	-0.739105	0.125000	0.000289	3.0
384	-0.739041	0.125000	0.000305	2.9
385	-0.739160	0.125000	0.000357	2.9
386	-0.739181	0.125000	0.000318	2.9
387	-0.739119	0.125000	0.000288	3.7
388	-0.739242	0.125000	0.000286	3.0
389	-0.739178	0.125000	0.000317	3.0
390	-0.739295	0.125000	0.000324	2.9
391	-0.739341	0.125000	0.000383	2.9
392	-0.739245	0.125000	0.000319	3.7
393	-0.739389	0.125000	0.000294	3.5
394	-0.739253	0.125000	0.000295	3.5
395	-0.739393	0.125000	0.000298	3.0
396	-0.739420	0.125000	0.000294	3.2
397	-0.739352	0.125000	0.000303	3.5
398	-0.739471	0.125000	0.000350	3.0
399	-0.739345	0.125000	0.000361	2.9
400	-0.739276	0.062500	0.000350	2.9
401	-0.739384	0.062500	0.000275	3.0
402	-0.739305	0.062500	0.000276	3.6
403	-0.739411	0.062500	0.000277	3.0
404	-0.739331	0.062500	0.000298	2.9
405	-0.739436	0.062500	0.000310	2.9
406	-0.739447	0.062500	0.000346	3.4
407	-0.739364	0.062500	0.000293	3.8
408	-0.739471	0.062500	0.000275	3.6
409	-0.739392	0.062500	0.000282	3.0
410	-0.739496	0.062500	0.000295	3.0
411	-0.739507	0.062500	0.000322	2.9
412	-0.739426	0.062500	0.000335	3.6
413	-0.739529	0.062500	0.000318	3.0
414	-0.739541	0.062500	0.000322	2.9
415	-0.739459	0.062500	0.000329	3.0
416	-0.739563	0.062500	0.000333	2.9
417	-0.739480	0.062500	0.000333	3.6
418	-0.739584	0.062500	0.000280	3.0
419	-0.739596	0.062500	0.000287	3.0
420	-0.739516	0.062500	0.000274	3.2
421	-0.739622	0.062500	0.000281	2.9
422	-0.739634	0.062500	0.000278	3.7
423	-0.739555	0.062500	0.000301	3.6
424	-0.739657	0.062500	0.000322	3.1
425	-0.739668	0.062500	0.000326	3.2
426	-0.739586	0.062500	0.000339	2.9
427	-0.739689	0.062500	0.000317	3.6
428	-0.739700	0.062500	0.000305	2.9
429	-0.739620	0.062500	0.000337	3.0
430	-0.739721	0.062500	0.000311	2.9
431	-0.739734	0.062500	0.000283	3.0
432	-0.739654	0.062500	0.000273	3.5
433	-0.739758	0.062500	0.000303	3.1
434	-0.739769	0.062500	0.000282	3.0
435	-0.739690	0.062500	0.000273	3.0
436	-0.739718	0.062500	0.000276	3.0
437	-0.739730	0.062500	0.000286	3.2
438	-0.739650	0.062500	0.000307	3.1
439	-0.739751	0.062500	0.000341	3.2
440	-0.739760	0.062500	0.000325	2.9
441	-0.739681	0.062500	0.000302	2.9
442	-0.739784	0.062500	0.000300	2.9
443	-0.739793	0.062500	0.000332	3.7
444	-0.739713	0.062500	0.000297	3.0
445	-0.739817	0.062500	0.000281	3.0
446	-0.739829	0.062500	0.000267	2.9
447	-0.739752	0.062500	0.000336	2.9
448	-0.739849	0.062500	0.000334	3.7
449	-0.739862	0.062500	0.000290	3.2
450	-0.739783	0.062500	0.000329	3.0
451	-0.739883	0.062500	0.000334	2.9
452	-0.739893	0.062500	0.000285	2.9
453	-0.739817	0.062500	0.000263	3.7
454	-0.739920	0.062500	0.000255	2.9
455	-0.739933	0.062500	0.000260	2.9
456	-0.739947	0.062500	0.000318	2.9
457	-0.739868	0.062500	0.000360	2.9
458	-0.739971	0.062500	0.000319	3.6
459	-0.739987	0.062500	0.000288	3.7
460	-0.739913	0.062500	0.000303	3.4
461	-0.740015	0.062500	0.000312	2.9
462	-0.740028	0.062500	0.000313	2.9
463	-0.739952	0.062500	0.000305	3.8
464	-0.740055	0.062500	0.000295	3.0
465	-0.740068	0.062500	0.000305	3.0
466	-0.739994	0.062500	0.000308	3.0
467	-0.740172	0.062500	0.000304	3.0
468	-0.740108	0.062500	0.000286	3.5
469	-0.740036	0.062500	0.000286	3.0
470	-0.739940	0.062500	0.000299	2.9
471	-0.739952	0.062500	0.000274	3.0
472	-0.739881	0.062500	0.000286	3.0
473	-0.739981	0.062500	0.000294	3.3
474	-0.739995	0.062500	0.000272	3.5
475	-0.739923	0.062500	0.000277	3.0
476	-0.740023	0.062500	0.000269	3.0
477	-0.739951	0.062500	0.000269	3.0
478	-0.740050	0.062500	0.000277	3.4
479	-0.739979	0.062500	0.000273	3.4
480	-0.740077	0.062500	0.000264	3.0
481	-0.740091	0.062500	0.000291	2.9
482	-0.740019	0.062500	0.000314	3.0
483	-0.740032	0.062500	0.000277	2.9
484	-0.740128	0.062500	0.000267	3.6
485	-0.739776	0.062500	0.000305	3.0
486	-0.740151	0.062500	0.000317	2.9
487	-0.739797	0.062500	0.000306	3.4
488	-0.740172	0.062500	0.000299	2.9
489	-0.739820	0.062500	0.000296	3.7
490	-0.739834	0.062500	0.000275	3.5
491	-0.740204	0.062500	0.000303	3.2
492	-0.739855	0.062500	0.000349	2.9
493	-0.740224	0.031250	0.000333	2.9
494	-0.740152	0.031250	0.000271	3.7
495	-0.739957	0.031250	0.000280	3.0
496	-0.740165	0.031250	0.000305	3.0
497	-0.739891	0.031250	0.000315	2.9
498	-0.740177	0.031250	0.000294	2.9
499	-0.739902	0.031250	0.000283	3.6
