1:ItNr	2:Metric	3:StepSize	4:||Gradient||	Time[ms]
0	-0.968737	1.000000	0.002099	3.0
1	-0.970588	1.000000	0.001619	1.0
2	-0.972018	1.000000	0.001235	1.0
3	-0.973095	1.000000	0.000918	1.1
4	-0.973906	1.000000	0.000728	1.0
5	-0.974545	1.000000	0.000592	1.0
6	-0.975071	1.000000	0.000506	1.0
7	-0.975512	1.000000	0.000457	1.4
8	-0.975896	1.000000	0.000438	1.2
9	-0.976212	1.000000	0.000458	1.0
10	-0.976498	1.000000	0.000474	1.2
11	-0.976731	0.500000	0.000499	1.2
12	-0.976901	0.500000	0.000329	1.1
13	-0.977052	0.500000	0.000328	1.3
14	-0.977197	0.500000	0.000320	0.9
15	-0.977343	0.500000	0.000315	1.0
16	-0.977479	0.500000	0.000311	0.9
17	-0.977616	0.500000	0.000304	1.0
18	-0.977742	0.500000	0.000310	0.9
19	-0.977866	0.500000	0.000314	0.9
20	-0.977977	0.500000	0.000316	1.0
21	-0.978089	0.500000	0.000291	1.0
22	-0.978205	0.500000	0.000302	1.2
23	-0.978308	0.500000	0.000291	1.3
24	-0.978419	0.500000	0.000300	1.2
25	-0.978516	0.500000	0.000285	1.4
26	-0.978615	0.500000	0.000290	1.2
27	-0.978707	0.500000	0.000274	0.9
28	-0.978815	0.500000	0.000279	1.0
29	-0.978889	0.500000	0.000278	0.9
30	-0.978993	0.500000	0.000279	1.0
31	-0.979061	0.500000	0.000276	1.0
32	-0.979158	0.500000	0.000270	1.0
33	-0.979231	0.500000	0.000260	1.0
34	-0.979328	0.500000	0.000277	0.9
35	-0.979391	0.500000	0.000270	0.9
36	-0.979484	0.500000	0.000241	1.1
37	-0.979561	0.500000	0.000266	1.2
38	-0.979634	0.500000	0.000255	1.5
39	-0.979709	0.500000	0.000263	1.2
40	-0.979775	0.500000	0.000255	1.4
41	-0.979857	0.500000	0.000243	1.4
42	-0.979929	0.500000	0.000267	1.8
43	-0.979991	0.500000	0.000263	1.1
44	-0.980064	0.500000	0.000246	0.9
45	-0.980127	0.500000	0.000247	1.0
46	-0.980198	0.500000	0.000226	1.0
47	-0.980272	0.500000	0.000224	1.0
48	-0.980329	0.500000	0.000252	1.0
49	-0.980384	0.500000	0.000244	1.2
50	-0.980444	0.500000	0.000240	1.2
51	-0.980495	0.250000	0.000240	1.2
52	-0.980540	0.250000	0.000197	1.1
53	-0.980576	0.250000	0.000217	1.1
54	-0.980604	0.250000	0.000222	1.1
55	-0.980636	0.250000	0.000215	1.2
56	-0.980660	0.250000	0.000218	1.1
57	-0.980693	0.250000	0.000198	0.8
58	-0.980724	0.250000	0.000216	0.9
59	-0.980754	0.250000	0.000232	0.9
60	-0.980784	0.250000	0.000210	1.0
61	-0.980816	0.250000	0.000207	0.9
62	-0.980848	0.250000	0.000258	1.0
63	-0.980870	0.250000	0.000199	0.8
64	-0.980906	0.250000	0.000209	1.1
65	-0.980931	0.250000	0.000225	1.3
66	-0.980962	0.250000	0.000213	1.5
67	-0.980986	0.250000	0.000204	1.0
68	-0.981019	0.250000	0.000200	1.2
69	-0.981046	0.250000	0.000210	1.2
70	-0.981073	0.250000	0.000220	1.0
71	-0.981103	0.250000	0.000202	1.2
72	-0.981126	0.250000	0.000205	0.9
73	-0.981161	0.250000	0.000201	0.9
74	-0.981183	0.250000	0.000228	1.0
75	-0.981210	0.250000	0.000205	1.0
76	-0.981238	0.250000	0.000234	1.0
77	-0.981259	0.250000	0.000204	1.0
78	-0.981292	0.125000	0.000257	1.0
79	-0.981305	0.125000	0.000179	1.3
80	-0.981324	0.125000	0.000191	1.2
81	-0.981335	0.125000	0.000204	1.3
82	-0.981350	0.125000	0.000182	1.0
83	-0.981363	0.125000	0.000213	1.6
84	-0.981377	0.125000	0.000187	1.3
85	-0.981391	0.125000	0.000221	1.3
86	-0.981401	0.125000	0.000180	1.0
87	-0.981417	0.125000	0.000176	0.9
88	-0.981429	0.125000	0.000199	0.9
89	-0.981440	0.062500	0.000241	0.9
90	-0.981449	0.062500	0.000180	0.8
91	-0.981455	0.062500	0.000195	0.9
92	-0.981462	0.062500	0.000171	0.9
93	-0.981469	0.062500	0.000185	1.4
94	-0.981475	0.062500	0.000176	1.3
95	-0.981482	0.062500	0.000207	1.2
96	-0.981486	0.062500	0.000186	1.2
97	-0.981494	0.062500	0.000177	1.1
98	-0.981499	0.062500	0.000190	1.3
99	-0.981506	0.062500	0.000178	1.6
100	-0.981512	0.062500	0.000211	1.1
101	-0.981518	0.062500	0.000171	1.0
102	-0.981524	0.062500	0.000204	0.9
103	-0.981528	0.062500	0.000178	1.0
104	-0.981536	0.062500	0.000168	1.0
105	-0.981542	0.062500	0.000184	0.9
106	-0.981549	0.062500	0.000181	1.0
107	-0.981554	0.062500	0.000202	1.3
108	-0.981559	0.062500	0.000175	1.4
109	-0.981567	0.062500	0.000185	1.1
110	-0.981571	0.062500	0.000193	1.0
111	-0.981579	0.062500	0.000166	1.0
112	-0.981585	0.062500	0.000203	1.2
113	-0.981590	0.062500	0.000176	1.2
114	-0.981597	0.062500	0.000195	1.5
115	-0.981601	0.062500	0.000193	1.0
116	-0.981608	0.062500	0.000177	1.0
117	-0.981614	0.062500	0.000189	1.0
118	-0.981619	0.062500	0.000195	0.9
119	-0.981626	0.062500	0.000186	1.0
120	-0.981630	0.062500	0.000194	1.5
121	-0.981636	0.062500	0.000173	1.4
122	-0.981642	0.062500	0.000196	0.9
123	-0.981648	0.062500	0.000187	0.9
124	-0.981655	0.062500	0.000177	0.8
125	-0.981659	0.062500	0.000193	0.8
126	-0.981665	0.062500	0.000183	0.9
127	-0.981671	0.062500	0.000179	0.9
128	-0.981678	0.062500	0.000187	0.8
129	-0.981683	0.062500	0.000184	0.8
130	-0.981688	0.062500	0.000185	0.9
131	-0.981696	0.062500	0.000184	1.3
132	-0.981701	0.062500	0.000202	1.0
133	-0.981707	0.062500	0.000170	1.0
134	-0.981714	0.062500	0.000188	1.1
135	-0.981718	0.062500	0.000190	1.0
136	-0.981725	0.062500	0.000186	1.2
137	-0.981730	0.062500	0.000188	1.1
138	-0.981737	0.062500	0.000172	0.9
139	-0.981744	0.062500	0.000188	0.9
140	-0.981748	0.062500	0.000197	0.9
141	-0.981754	0.062500	0.000204	0.9
142	-0.981759	0.062500	0.000188	1.0
143	-0.981766	0.062500	0.000182	1.0
144	-0.981772	0.062500	0.000193	0.9
145	-0.981776	0.062500	0.000199	1.0
146	-0.981782	0.062500	0.000176	1.2
147	-0.981788	0.062500	0.000187	1.3
148	-0.981793	0.062500	0.000195	1.5
149	-0.981800	0.062500	0.000179	1.1
150	-0.981803	0.062500	0.000182	1.0
151	-0.981811	0.062500	0.000165	1.3
152	-0.981817	0.062500	0.000187	1.0
153	-0.981822	0.062500	0.000170	1.0
154	-0.981827	0.062500	0.000204	1.0
155	-0.981832	0.062500	0.000174	1.0
156	-0.981838	0.062500	0.000177	1.0
157	-0.981843	0.062500	0.000180	1.0
158	-0.981850	0.062500	0.000192	1.0
159	-0.981854	0.062500	0.000195	1.0
160	-0.981859	0.062500	0.000163	1.0
161	-0.981866	0.062500	0.000195	1.3
162	-0.981871	0.062500	0.000165	1.2
163	-0.981876	0.062500	0.000170	0.9
164	-0.981882	0.062500	0.000179	0.9
165	-0.981886	0.031250	0.000205	1.0
166	-0.981891	0.031250	0.000188	0.9
167	-0.981893	0.031250	0.000178	1.0
168	-0.981896	0.031250	0.000165	1.0
169	-0.981899	0.031250	0.000173	0.9
170	-0.981901	0.031250	0.000158	1.0
171	-0.981905	0.031250	0.000162	0.9
172	-0.981907	0.031250	0.000180	1.0
173	-0.981910	0.031250	0.000155	0.9
174	-0.981913	0.031250	0.000196	1.0
175	-0.981914	0.031250	0.000172	1.0
176	-0.981918	0.031250	0.000163	1.1
177	-0.981920	0.031250	0.000215	1.0
178	-0.981922	0.031250	0.000159	1.0
179	-0.981925	0.031250	0.000188	1.0
180	-0.981927	0.031250	0.000170	1.0
181	-0.981930	0.031250	0.000177	0.9
182	-0.981933	0.031250	0.000174	0.9
183	-0.981935	0.031250	0.000168	0.8
184	-0.981938	0.031250	0.000147	0.9
185	-0.981941	0.031250	0.000189	0.8
186	-0.981943	0.031250	0.000167	0.9
187	-0.981946	0.031250	0.000185	1.0
188	-0.981948	0.031250	0.000165	1.1
189	-0.981951	0.031250	0.000190	1.0
190	-0.981953	0.015625	0.000188	1.0
191	-0.981955	0.015625	0.000159	1.1
192	-0.981957	0.015625	0.000173	1.3
193	-0.981958	0.015625	0.000160	1.3
194	-0.981959	0.015625	0.000154	1.0
195	-0.981961	0.015625	0.000173	1.0
196	-0.981962	0.015625	0.000164	1.2
197	-0.981964	0.015625	0.000151	1.0
198	-0.981965	0.015625	0.000194	0.9
199	-0.981966	0.015625	0.000150	1.0
200	-0.981968	0.015625	0.000180	1.0
201	-0.981968	0.015625	0.000180	0.9
202	-0.981970	0.015625	0.000164	1.0
203	-0.981971	0.015625	0.000195	0.9
204	-0.981973	0.015625	0.000166	1.0
205	-0.981974	0.015625	0.000218	1.0
