1:ItNr	2:Metric	3:StepSize	4:||Gradient||	Time[ms]
0	-0.952497	1.000000	0.002443	2.8
1	-0.954787	1.000000	0.002154	1.1
2	-0.956812	1.000000	0.001872	0.9
3	-0.958565	1.000000	0.001626	1.1
4	-0.960071	1.000000	0.001398	0.9
5	-0.961345	1.000000	0.001169	1.1
6	-0.962383	1.000000	0.000930	1.1
7	-0.963199	1.000000	0.000728	0.9
8	-0.963845	1.000000	0.000592	1.0
9	-0.964389	1.000000	0.000505	0.9
10	-0.964861	1.000000	0.000446	0.9
11	-0.965280	1.000000	0.000413	0.9
12	-0.965664	1.000000	0.000387	0.9
13	-0.966032	1.000000	0.000358	0.9
14	-0.966374	1.000000	0.000334	0.9
15	-0.966690	1.000000	0.000314	0.9
16	-0.966996	1.000000	0.000295	0.9
17	-0.967282	1.000000	0.000274	0.9
18	-0.967546	1.000000	0.000259	0.9
19	-0.967792	1.000000	0.000248	0.9
20	-0.968015	1.000000	0.000241	0.9
21	-0.968208	1.000000	0.000249	0.9
22	-0.968366	1.000000	0.000267	1.2
23	-0.968496	0.500000	0.000295	1.1
24	-0.968600	0.500000	0.000194	0.9
25	-0.968690	0.500000	0.000197	0.8
26	-0.968773	0.500000	0.000194	0.9
27	-0.968858	0.500000	0.000188	0.9
28	-0.968940	0.500000	0.000185	1.0
29	-0.969032	0.500000	0.000181	0.9
30	-0.969118	0.500000	0.000182	0.9
31	-0.969202	0.500000	0.000184	0.9
32	-0.969280	0.500000	0.000188	0.9
33	-0.969354	0.500000	0.000194	0.9
34	-0.969428	0.500000	0.000186	0.9
35	-0.969504	0.500000	0.000192	0.9
36	-0.969579	0.500000	0.000184	1.0
37	-0.969648	0.500000	0.000174	1.0
38	-0.969722	0.500000	0.000181	1.0
39	-0.969788	0.500000	0.000186	1.2
40	-0.969844	0.500000	0.000208	1.0
41	-0.969883	0.250000	0.000211	0.9
42	-0.969926	0.250000	0.000158	0.9
43	-0.969956	0.250000	0.000169	0.9
44	-0.969982	0.250000	0.000164	0.9
45	-0.970011	0.250000	0.000157	0.9
46	-0.970041	0.250000	0.000162	0.9
47	-0.970065	0.250000	0.000158	0.9
48	-0.970096	0.250000	0.000143	0.9
49	-0.970125	0.250000	0.000145	0.9
50	-0.970154	0.250000	0.000145	0.9
51	-0.970182	0.250000	0.000152	0.9
52	-0.970208	0.250000	0.000147	0.9
53	-0.970237	0.250000	0.000143	0.8
54	-0.970266	0.250000	0.000148	1.0
55	-0.970293	0.250000	0.000146	1.0
56	-0.970321	0.250000	0.000145	1.1
57	-0.970354	0.250000	0.000142	1.0
58	-0.970383	0.250000	0.000140	0.9
59	-0.970411	0.250000	0.000155	0.9
60	-0.970435	0.250000	0.000142	0.9
61	-0.970465	0.250000	0.000139	0.9
62	-0.970491	0.250000	0.000142	0.9
63	-0.970517	0.250000	0.000142	0.9
64	-0.970541	0.250000	0.000144	0.9
65	-0.970567	0.250000	0.000144	0.9
66	-0.970590	0.250000	0.000143	0.9
67	-0.970616	0.250000	0.000133	0.9
68	-0.970642	0.250000	0.000139	0.9
69	-0.970666	0.250000	0.000143	0.9
70	-0.970689	0.250000	0.000156	0.9
71	-0.970709	0.250000	0.000167	0.9
72	-0.970728	0.250000	0.000154	1.2
73	-0.970750	0.250000	0.000144	1.2
74	-0.970772	0.250000	0.000138	1.0
75	-0.970795	0.250000	0.000163	0.9
76	-0.970811	0.250000	0.000153	0.9
77	-0.970836	0.250000	0.000138	0.9
78	-0.970856	0.250000	0.000139	0.9
79	-0.970880	0.250000	0.000166	0.9
80	-0.970893	0.125000	0.000155	0.9
81	-0.970909	0.125000	0.000121	0.9
82	-0.970923	0.125000	0.000121	0.9
83	-0.970936	0.125000	0.000123	0.9
84	-0.970948	0.125000	0.000123	0.9
85	-0.970959	0.125000	0.000155	0.9
86	-0.970969	0.125000	0.000121	0.8
87	-0.970981	0.125000	0.000120	0.9
88	-0.970994	0.125000	0.000117	0.9
89	-0.971005	0.125000	0.000127	1.0
90	-0.971015	0.125000	0.000121	1.0
91	-0.971026	0.125000	0.000138	0.9
92	-0.971036	0.125000	0.000115	0.9
93	-0.971048	0.125000	0.000114	1.0
94	-0.971060	0.125000	0.000156	1.0
95	-0.971066	0.125000	0.000120	1.0
96	-0.971079	0.125000	0.000120	1.0
97	-0.971090	0.125000	0.000120	0.9
98	-0.971101	0.125000	0.000125	1.1
99	-0.971111	0.125000	0.000166	0.9
100	-0.971118	0.125000	0.000117	1.0
101	-0.971131	0.125000	0.000116	1.0
102	-0.971142	0.125000	0.000112	0.9
103	-0.971154	0.125000	0.000117	1.0
104	-0.971164	0.125000	0.000123	0.7
105	-0.971175	0.125000	0.000111	0.9
106	-0.971187	0.125000	0.000111	1.2
107	-0.971198	0.125000	0.000129	1.1
108	-0.971207	0.125000	0.000113	1.0
109	-0.971220	0.125000	0.000105	1.0
110	-0.971231	0.125000	0.000122	0.9
111	-0.971241	0.125000	0.000147	0.8
112	-0.971249	0.125000	0.000115	0.9
113	-0.971262	0.125000	0.000113	0.9
114	-0.971273	0.125000	0.000135	0.9
115	-0.971282	0.125000	0.000114	0.9
116	-0.971295	0.125000	0.000109	0.9
117	-0.971307	0.125000	0.000120	0.9
118	-0.971318	0.125000	0.000125	0.9
119	-0.971328	0.125000	0.000136	0.9
120	-0.971338	0.125000	0.000121	1.0
121	-0.971350	0.125000	0.000111	0.9
122	-0.971363	0.125000	0.000124	1.1
123	-0.971374	0.125000	0.000115	1.1
124	-0.971387	0.125000	0.000112	1.3
125	-0.971399	0.125000	0.000131	1.1
126	-0.971408	0.125000	0.000122	1.0
127	-0.971421	0.125000	0.000132	1.1
128	-0.971430	0.125000	0.000119	1.2
129	-0.971443	0.125000	0.000123	1.1
130	-0.971454	0.125000	0.000120	1.1
131	-0.971463	0.125000	0.000135	1.1
132	-0.971475	0.125000	0.000114	1.1
133	-0.971486	0.125000	0.000142	1.4
134	-0.971493	0.125000	0.000128	1.3
135	-0.971505	0.125000	0.000116	1.0
136	-0.971517	0.125000	0.000124	1.4
137	-0.971526	0.125000	0.000127	1.3
138	-0.971538	0.125000	0.000119	1.1
139	-0.971549	0.125000	0.000117	1.1
140	-0.971561	0.125000	0.000122	1.2
141	-0.971570	0.125000	0.000124	1.2
142	-0.971580	0.125000	0.000129	0.9
143	-0.971590	0.125000	0.000109	1.0
144	-0.971601	0.125000	0.000104	1.1
145	-0.971612	0.125000	0.000106	5.0
146	-0.971622	0.125000	0.000106	3.1
147	-0.971633	0.125000	0.000115	2.2
148	-0.971642	0.125000	0.000118	2.5
149	-0.971653	0.125000	0.000114	3.1
150	-0.971662	0.125000	0.000110	2.2
151	-0.971673	0.125000	0.000109	2.3
152	-0.971684	0.125000	0.000107	3.0
153	-0.971693	0.125000	0.000117	2.3
154	-0.971703	0.125000	0.000104	1.0
155	-0.971714	0.125000	0.000108	1.0
156	-0.971724	0.125000	0.000111	1.1
157	-0.971734	0.125000	0.000120	0.9
158	-0.971742	0.125000	0.000115	0.9
159	-0.971753	0.125000	0.000109	0.9
160	-0.971764	0.125000	0.000109	0.9
161	-0.971774	0.125000	0.000109	1.1
162	-0.971785	0.125000	0.000107	2.0
163	-0.971795	0.125000	0.000113	1.6
164	-0.971805	0.125000	0.000107	1.9
165	-0.971816	0.125000	0.000115	1.4
166	-0.971825	0.125000	0.000107	1.0
167	-0.971835	0.125000	0.000116	0.9
168	-0.971845	0.125000	0.000117	1.1
169	-0.971854	0.125000	0.000104	0.9
170	-0.971866	0.125000	0.000102	0.9
171	-0.971876	0.125000	0.000124	1.1
172	-0.971884	0.125000	0.000107	0.9
173	-0.971896	0.125000	0.000104	0.9
174	-0.971906	0.125000	0.000113	0.9
175	-0.971916	0.125000	0.000106	0.9
176	-0.971927	0.125000	0.000103	0.9
177	-0.971938	0.125000	0.000108	0.9
178	-0.971949	0.125000	0.000113	0.9
179	-0.971959	0.125000	0.000118	1.3
180	-0.971968	0.125000	0.000112	1.1
181	-0.971980	0.125000	0.000112	1.0
182	-0.971991	0.125000	0.000128	1.0
183	-0.972000	0.125000	0.000110	1.0
184	-0.972013	0.125000	0.000108	1.1
185	-0.972022	0.125000	0.000106	1.0
186	-0.972033	0.125000	0.000105	1.1
187	-0.972043	0.125000	0.000119	0.9
188	-0.972052	0.125000	0.000106	0.9
189	-0.972063	0.125000	0.000109	0.9
190	-0.972072	0.125000	0.000119	0.9
191	-0.972081	0.125000	0.000103	0.9
192	-0.972092	0.125000	0.000114	0.9
193	-0.972100	0.125000	0.000100	0.9
194	-0.972112	0.125000	0.000099	1.1
195	-0.972121	0.125000	0.000111	1.2
196	-0.972130	0.125000	0.000108	1.3
197	-0.972140	0.125000	0.000106	1.3
198	-0.972149	0.125000	0.000096	0.9
199	-0.972161	0.125000	0.000096	1.2
200	-0.972170	0.125000	0.000125	1.0
201	-0.972178	0.125000	0.000101	1.2
202	-0.972189	0.125000	0.000102	1.0
203	-0.972198	0.125000	0.000106	0.9
204	-0.972207	0.125000	0.000104	0.9
205	-0.972217	0.125000	0.000111	0.9
206	-0.972224	0.125000	0.000100	0.9
207	-0.972234	0.125000	0.000110	0.9
208	-0.972242	0.125000	0.000112	0.9
209	-0.972250	0.125000	0.000106	1.1
210	-0.972260	0.125000	0.000095	1.1
211	-0.972271	0.125000	0.000108	1.0
212	-0.972278	0.125000	0.000103	1.0
213	-0.972289	0.125000	0.000102	0.9
214	-0.972298	0.125000	0.000097	1.0
215	-0.972309	0.125000	0.000098	0.9
216	-0.972320	0.125000	0.000103	0.9
217	-0.972328	0.125000	0.000113	0.9
218	-0.972338	0.125000	0.000101	0.9
219	-0.972348	0.125000	0.000108	0.9
220	-0.972357	0.125000	0.000106	0.9
221	-0.972367	0.125000	0.000113	0.9
222	-0.972376	0.125000	0.000103	0.8
223	-0.972387	0.125000	0.000106	0.8
224	-0.972396	0.125000	0.000110	0.8
225	-0.972404	0.125000	0.000113	0.9
226	-0.972414	0.125000	0.000107	1.0
227	-0.972423	0.125000	0.000103	1.2
228	-0.972434	0.125000	0.000102	1.2
229	-0.972443	0.125000	0.000114	1.0
230	-0.972452	0.125000	0.000104	1.0
231	-0.972463	0.125000	0.000110	1.2
232	-0.972471	0.125000	0.000103	1.0
233	-0.972481	0.125000	0.000110	1.1
234	-0.972489	0.125000	0.000113	0.9
235	-0.972498	0.125000	0.000109	0.9
236	-0.972507	0.125000	0.000109	0.9
237	-0.972515	0.125000	0.000110	0.9
238	-0.972526	0.125000	0.000104	1.0
239	-0.972534	0.125000	0.000104	0.9
240	-0.972545	0.125000	0.000110	1.0
241	-0.972554	0.125000	0.000107	0.9
242	-0.972564	0.125000	0.000115	1.1
243	-0.972573	0.125000	0.000105	1.0
244	-0.972584	0.125000	0.000103	0.9
245	-0.972595	0.125000	0.000118	1.0
246	-0.972603	0.125000	0.000113	1.0
247	-0.972614	0.125000	0.000105	0.9
248	-0.972624	0.125000	0.000104	0.9
249	-0.972634	0.125000	0.000113	0.9
250	-0.972642	0.125000	0.000110	0.9
251	-0.972651	0.125000	0.000102	0.9
252	-0.972661	0.125000	0.000108	0.9
253	-0.972668	0.125000	0.000110	0.9
254	-0.972677	0.125000	0.000103	0.9
255	-0.972686	0.125000	0.000102	0.8
256	-0.972696	0.125000	0.000117	0.9
257	-0.972703	0.125000	0.000109	0.9
258	-0.972713	0.125000	0.000105	1.0
259	-0.972721	0.125000	0.000106	1.2
260	-0.972730	0.125000	0.000097	1.2
261	-0.972739	0.125000	0.000104	0.9
262	-0.972747	0.125000	0.000117	0.9
263	-0.972754	0.125000	0.000099	0.9
264	-0.972765	0.125000	0.000105	0.9
265	-0.972771	0.125000	0.000101	0.9
266	-0.972781	0.125000	0.000104	0.9
267	-0.972788	0.125000	0.000111	0.9
268	-0.972796	0.125000	0.000106	0.9
269	-0.972804	0.125000	0.000098	0.9
270	-0.972813	0.125000	0.000111	0.9
271	-0.972820	0.125000	0.000103	0.9
272	-0.972830	0.125000	0.000094	0.9
273	-0.972838	0.125000	0.000101	1.0
274	-0.972846	0.125000	0.000120	0.9
275	-0.972852	0.125000	0.000102	1.1
276	-0.972862	0.125000	0.000108	0.9
277	-0.972868	0.125000	0.000101	0.9
278	-0.972877	0.125000	0.000109	0.8
279	-0.972885	0.125000	0.000104	0.9
280	-0.972894	0.125000	0.000105	0.9
281	-0.972902	0.125000	0.000113	0.9
282	-0.972909	0.125000	0.000117	0.9
283	-0.972917	0.125000	0.000105	0.8
284	-0.972927	0.125000	0.000113	0.9
285	-0.972935	0.125000	0.000105	0.9
286	-0.972944	0.125000	0.000117	0.8
287	-0.972951	0.125000	0.000102	0.8
288	-0.972961	0.125000	0.000109	0.9
289	-0.972968	0.125000	0.000108	0.9
290	-0.972977	0.125000	0.000104	0.9
291	-0.972986	0.125000	0.000104	0.9
292	-0.972993	0.125000	0.000117	0.9
293	-0.973001	0.125000	0.000108	1.0
294	-0.973010	0.125000	0.000106	0.9
295	-0.973019	0.125000	0.000112	0.9
296	-0.973026	0.125000	0.000105	0.9
297	-0.973035	0.125000	0.000106	0.9
298	-0.973043	0.125000	0.000104	0.9
299	-0.973053	0.125000	0.000109	0.9
300	-0.973060	0.125000	0.000116	0.9
301	-0.973068	0.125000	0.000099	0.9
302	-0.973077	0.125000	0.000098	0.9
303	-0.973086	0.125000	0.000104	0.9
304	-0.973094	0.125000	0.000098	0.9
305	-0.973103	0.125000	0.000125	0.9
306	-0.973108	0.125000	0.000108	0.9
307	-0.973117	0.125000	0.000106	0.9
308	-0.973125	0.125000	0.000104	0.8
309	-0.973134	0.125000	0.000106	1.0
310	-0.973142	0.125000	0.000109	1.1
311	-0.973151	0.125000	0.000101	1.0
312	-0.973159	0.125000	0.000103	0.9
313	-0.973166	0.125000	0.000117	0.9
314	-0.973174	0.125000	0.000109	0.9
315	-0.973181	0.125000	0.000109	0.8
316	-0.973190	0.125000	0.000101	0.9
317	-0.973198	0.125000	0.000106	0.9
318	-0.973206	0.125000	0.000115	0.8
319	-0.973213	0.125000	0.000114	0.9
320	-0.973222	0.125000	0.000109	0.9
321	-0.973229	0.125000	0.000117	0.9
322	-0.973238	0.125000	0.000104	1.1
323	-0.973246	0.125000	0.000139	0.9
324	-0.973252	0.062500	0.000114	0.9
325	-0.973258	0.062500	0.000096	0.9
326	-0.973262	0.062500	0.000108	0.9
327	-0.973266	0.062500	0.000102	1.1
328	-0.973271	0.062500	0.000096	0.9
329	-0.973275	0.062500	0.000102	0.9
330	-0.973279	0.062500	0.000104	0.9
331	-0.973283	0.062500	0.000100	0.9
332	-0.973287	0.062500	0.000107	0.9
333	-0.973291	0.062500	0.000110	0.9
334	-0.973295	0.062500	0.000107	0.9
335	-0.973299	0.062500	0.000102	0.9
336	-0.973303	0.062500	0.000105	1.0
337	-0.973306	0.062500	0.000099	0.9
338	-0.973312	0.062500	0.000108	1.0
339	-0.973314	0.062500	0.000131	1.0
340	-0.973318	0.062500	0.000105	1.0
341	-0.973322	0.062500	0.000104	0.9
342	-0.973326	0.062500	0.000094	0.9
343	-0.973330	0.062500	0.000102	1.0
344	-0.973333	0.062500	0.000126	1.0
345	-0.973337	0.062500	0.000101	1.0
346	-0.973340	0.062500	0.000098	0.9
347	-0.973344	0.062500	0.000106	0.9
348	-0.973347	0.062500	0.000097	0.9
349	-0.973352	0.062500	0.000091	0.8
350	-0.973356	0.062500	0.000101	0.9
351	-0.973359	0.062500	0.000127	0.9
352	-0.973362	0.062500	0.000104	0.9
353	-0.973366	0.062500	0.000102	0.9
354	-0.973370	0.062500	0.000107	0.9
355	-0.973374	0.062500	0.000125	0.9
356	-0.973377	0.062500	0.000103	0.8
357	-0.973381	0.062500	0.000105	0.9
358	-0.973385	0.062500	0.000101	0.9
359	-0.973390	0.062500	0.000107	0.9
360	-0.973392	0.062500	0.000115	1.0
361	-0.973397	0.062500	0.000098	1.0
362	-0.973394	0.062500	0.000103	0.9
363	-0.973398	0.062500	0.000106	0.9
364	-0.973402	0.062500	0.000101	0.9
365	-0.973407	0.062500	0.000107	0.9
366	-0.973415	0.062500	0.000125	0.9
367	-0.973419	0.062500	0.000107	0.9
368	-0.973422	0.062500	0.000102	0.9
369	-0.973426	0.062500	0.000092	0.9
370	-0.973430	0.062500	0.000099	0.9
371	-0.973433	0.062500	0.000102	0.9
372	-0.973438	0.062500	0.000094	0.9
373	-0.973442	0.062500	0.000103	0.9
374	-0.973445	0.062500	0.000122	0.9
375	-0.973448	0.062500	0.000100	0.9
376	-0.973452	0.062500	0.000099	1.0
377	-0.973456	0.062500	0.000094	1.2
378	-0.973459	0.062500	0.000111	1.0
379	-0.973462	0.062500	0.000097	0.9
380	-0.973466	0.062500	0.000102	0.9
381	-0.973469	0.062500	0.000105	0.9
382	-0.973472	0.031250	0.000114	0.9
383	-0.973474	0.031250	0.000084	0.9
384	-0.973476	0.031250	0.000086	1.0
385	-0.973478	0.031250	0.000092	0.9
386	-0.973480	0.031250	0.000101	0.9
387	-0.973482	0.031250	0.000089	0.9
388	-0.973483	0.031250	0.000098	0.9
389	-0.973485	0.031250	0.000095	1.0
390	-0.973487	0.031250	0.000094	0.9
391	-0.973488	0.031250	0.000108	1.0
392	-0.973490	0.031250	0.000094	0.9
393	-0.973492	0.031250	0.000091	1.1
394	-0.973494	0.031250	0.000095	1.1
395	-0.973495	0.031250	0.000112	1.1
396	-0.973497	0.031250	0.000099	1.0
397	-0.973498	0.031250	0.000092	1.0
398	-0.973500	0.031250	0.000089	0.9
399	-0.973502	0.031250	0.000096	0.9
400	-0.973504	0.031250	0.000102	0.9
401	-0.973506	0.031250	0.000093	0.9
402	-0.973507	0.031250	0.000100	0.9
403	-0.973509	0.031250	0.000113	0.9
404	-0.973510	0.031250	0.000096	0.9
405	-0.973512	0.031250	0.000096	0.9
406	-0.973514	0.031250	0.000090	0.9
407	-0.973516	0.031250	0.000109	0.9
408	-0.973517	0.031250	0.000097	0.9
409	-0.973519	0.031250	0.000093	1.0
410	-0.973521	0.031250	0.000103	1.1
411	-0.973523	0.031250	0.000094	1.1
412	-0.973524	0.031250	0.000100	1.0
413	-0.973526	0.015625	0.000112	0.9
414	-0.973527	0.015625	0.000088	0.9
415	-0.973528	0.015625	0.000095	0.9
416	-0.973529	0.015625	0.000091	1.0
417	-0.973530	0.015625	0.000099	0.9
418	-0.973530	0.015625	0.000090	0.9
419	-0.973531	0.015625	0.000097	0.9
420	-0.973532	0.015625	0.000092	0.9
421	-0.973533	0.015625	0.000098	0.9
422	-0.973534	0.015625	0.000088	0.9
423	-0.973535	0.015625	0.000098	0.9
424	-0.973535	0.015625	0.000090	0.9
425	-0.973537	0.015625	0.000090	0.9
426	-0.973537	0.015625	0.000096	1.2
427	-0.973538	0.015625	0.000089	1.1
428	-0.973539	0.015625	0.000093	0.9
429	-0.973540	0.015625	0.000093	0.9
430	-0.973541	0.015625	0.000095	0.8
431	-0.973542	0.015625	0.000099	0.8
432	-0.973542	0.015625	0.000091	0.9
433	-0.973543	0.015625	0.000091	0.9
434	-0.973544	0.015625	0.000097	0.9
435	-0.973545	0.015625	0.000111	0.9
436	-0.973546	0.015625	0.000093	0.9
437	-0.973547	0.015625	0.000096	0.9
438	-0.973547	0.015625	0.000097	0.9
439	-0.973548	0.015625	0.000093	0.9
440	-0.973549	0.015625	0.000095	0.9
441	-0.973550	0.015625	0.000087	0.9
442	-0.973551	0.015625	0.000091	0.9
443	-0.973552	0.015625	0.000094	1.0
444	-0.973552	0.015625	0.000095	1.0
445	-0.973553	0.015625	0.000096	1.0
446	-0.973554	0.015625	0.000096	0.9
447	-0.973555	0.015625	0.000094	0.9
448	-0.973556	0.015625	0.000095	0.9
449	-0.973556	0.015625	0.000106	0.9
450	-0.973557	0.015625	0.000097	0.8
451	-0.973558	0.015625	0.000084	0.9
452	-0.973559	0.015625	0.000080	0.9
453	-0.973560	0.015625	0.000084	0.9
454	-0.973561	0.015625	0.000101	0.9
455	-0.973561	0.015625	0.000094	0.9
456	-0.973562	0.015625	0.000096	0.8
457	-0.973563	0.015625	0.000111	0.9
458	-0.973564	0.015625	0.000093	0.9
459	-0.973565	0.015625	0.000090	0.9
460	-0.973566	0.015625	0.000090	1.0
461	-0.973566	0.015625	0.000091	1.1
462	-0.973567	0.015625	0.000098	0.9
463	-0.973568	0.015625	0.000092	0.9
464	-0.973569	0.015625	0.000096	0.9
465	-0.973570	0.015625	0.000108	0.9
466	-0.973570	0.015625	0.000097	0.9
467	-0.973571	0.015625	0.000089	0.9
468	-0.973572	0.015625	0.000091	0.9
469	-0.973573	0.015625	0.000097	0.9
470	-0.973574	0.015625	0.000092	0.9
471	-0.973575	0.015625	0.000110	0.9
472	-0.973575	0.015625	0.000094	0.9
473	-0.973576	0.015625	0.000092	0.9
474	-0.973577	0.015625	0.000093	0.9
475	-0.973578	0.015625	0.000105	0.9
476	-0.973578	0.015625	0.000095	0.9
477	-0.973579	0.015625	0.000088	1.1
478	-0.973580	0.015625	0.000090	1.1
479	-0.973581	0.015625	0.000097	1.0
480	-0.973582	0.015625	0.000098	0.9
481	-0.973582	0.015625	0.000094	0.9
482	-0.973583	0.015625	0.000103	0.9
483	-0.973584	0.015625	0.000090	0.9
484	-0.973585	0.015625	0.000086	0.8
485	-0.973586	0.015625	0.000095	0.8
486	-0.973591	0.015625	0.000090	0.9
487	-0.973591	0.015625	0.000098	0.8
488	-0.973592	0.015625	0.000092	0.8
489	-0.973593	0.015625	0.000090	0.9
490	-0.973594	0.015625	0.000089	0.9
491	-0.973595	0.015625	0.000095	0.9
492	-0.973595	0.015625	0.000107	0.9
493	-0.973596	0.015625	0.000084	0.9
494	-0.973597	0.015625	0.000091	0.9
495	-0.973598	0.015625	0.000099	0.9
496	-0.973599	0.015625	0.000088	1.2
497	-0.973600	0.015625	0.000091	1.1
498	-0.973600	0.015625	0.000090	0.9
499	-0.973601	0.015625	0.000095	0.9
