1:ItNr	2:Metric	3a:Time	3b:StepSize	4:||Gradient||	Time[ms]
0	-0.100366	0.000000	11.212753	0.008490	655.4
1	-0.089540	0.000000	11.212753	0.006391	3.7
2	-0.106004	0.000000	11.212753	0.007281	3.2
3	-0.104752	0.673858	10.864140	0.006421	3.1
4	-0.109382	0.066540	11.177337	0.004034	3.0
5	-0.113936	0.697022	10.852541	0.008390	4.4
6	-0.111606	0.037339	11.192852	0.004543	3.8
7	-0.094893	0.000000	11.212753	0.009494	3.1
8	-0.096241	0.000000	11.212753	0.007848	3.1
9	-0.123453	0.999999	10.703083	0.007841	4.7
10	-0.101238	0.401350	11.002475	0.004185	3.6
11	-0.119026	1.001172	10.702513	0.006819	3.2
12	-0.103863	1.070507	10.668891	0.007558	3.0
13	-0.096500	1.871352	10.295317	0.008651	3.1
14	-0.107735	2.871290	9.864059	0.004263	4.2
15	-0.098234	2.211758	10.144334	0.007386	3.9
16	-0.096237	1.624498	10.407649	0.007360	4.0
17	-0.122845	0.963988	10.720631	0.007659	3.1
18	-0.112580	0.307142	11.051122	0.006796	4.6
19	-0.112246	0.000000	11.212753	0.004614	3.7
20	-0.102639	0.380496	11.013207	0.003273	3.1
21	-0.109173	0.046798	11.187821	0.007902	3.0
22	-0.109606	1.028836	10.689072	0.011035	3.9
23	-0.113903	0.367486	11.019912	0.010524	3.2
24	-0.100715	1.367479	10.527240	0.003888	4.1
25	-0.125209	0.737058	10.832552	0.006638	3.1
26	-0.118711	0.093520	11.163041	0.005432	3.2
27	-0.124683	0.000000	11.212753	0.005018	4.5
28	-0.095397	0.952300	10.726339	0.007152	4.0
29	-0.106709	0.674006	10.864066	0.006530	3.1
30	-0.114483	0.012676	11.205989	0.009249	3.1
31	-0.106784	1.012661	10.696927	0.007061	3.9
32	-0.113858	2.004844	10.235576	0.006377	3.2
33	-0.105296	1.807906	10.323956	0.004322	4.0
34	-0.111097	2.339906	10.088636	0.012987	3.2
35	-0.106246	1.678557	10.382840	0.004883	3.0
36	-0.097055	2.677797	9.944668	0.005872	4.8
37	-0.104688	2.940625	9.835492	0.008025	3.9
38	-0.104098	3.937065	9.442483	0.004357	3.1
39	-0.115461	3.967602	9.430935	0.007130	3.0
40	-0.117223	3.325443	9.679899	0.011023	3.8
41	-0.100420	2.665850	9.949688	0.008585	4.3
42	-0.101795	2.004478	10.235738	0.005939	3.2
43	-0.119779	3.004337	9.809387	0.006933	4.1
44	-0.088712	2.342995	10.087301	0.005073	3.8
45	-0.099827	2.719924	9.927006	0.008652	4.0
46	-0.101283	2.633091	9.963480	0.007741	3.9
47	-0.096661	3.631951	9.559447	0.004108	3.1
48	-0.107466	3.343250	9.672818	0.008277	3.0
49	-0.112290	2.682188	9.942824	0.005020	4.6
50	-0.099956	3.636430	9.557709	0.008212	3.8
51	-0.094721	3.390800	9.653961	0.003732	3.1
52	-0.108427	2.731736	9.922065	0.003227	3.1
53	-0.100461	2.108417	10.189699	0.004640	3.9
54	-0.100511	1.603272	10.417422	0.006935	3.2
55	-0.089714	2.584096	9.984178	0.004342	4.0
56	-0.093789	2.070310	10.206530	0.003353	3.1
57	-0.113858	2.295075	10.108052	0.009192	3.1
58	-0.113535	2.592163	9.980765	0.003232	4.6
59	-0.105046	3.225666	9.719767	0.004169	3.6
60	-0.105295	2.638605	9.961156	0.006086	3.3
61	-0.103679	3.628134	9.560928	0.005999	3.0
62	-0.096802	2.967206	9.824584	0.003908	4.2
63	-0.103406	3.712824	9.528163	0.006511	3.9
64	-0.110849	3.784612	9.500565	0.003135	4.3
65	-0.094021	3.973695	9.428634	0.008015	3.1
66	-0.097764	3.314909	9.684092	0.005310	3.6
67	-0.097618	4.287760	9.311533	0.002528	3.0
68	-0.098065	3.737247	9.518756	0.009659	3.2
69	-0.099629	4.228430	9.333432	0.008653	2.9
70	-0.101267	3.567058	9.584698	0.007247	3.0
71	-0.107098	2.905687	9.849866	0.002909	3.6
72	-0.118871	2.419952	10.054155	0.005326	3.8
73	-0.098136	1.888087	10.287789	0.004890	3.3
74	-0.092107	1.584385	10.426134	0.003063	4.0
75	-0.111700	2.159141	10.167381	0.003456	3.2
76	-0.111909	2.195299	10.151532	0.004268	4.6
77	-0.095261	2.921413	9.843391	0.006144	3.7
78	-0.099082	3.634984	9.558270	0.003534	3.0
79	-0.103711	4.353526	9.287380	0.006184	2.9
80	-0.103883	5.309400	8.949950	0.005247	3.6
81	-0.101410	4.850099	9.108972	0.005890	3.3
82	-0.109959	5.782892	8.791725	0.008751	4.1
83	-0.098503	5.476559	8.893445	0.004324	3.1
84	-0.095536	4.843641	9.111248	0.007199	3.1
85	-0.114062	4.184988	9.349531	0.006670	4.1
86	-0.093543	5.184697	8.992574	0.002949	3.5
87	-0.108930	4.568948	9.209132	0.004449	3.7
88	-0.101080	3.967854	9.430839	0.007103	3.0
89	-0.104205	3.528079	9.599929	0.003678	3.4
90	-0.097684	4.479107	9.241604	0.006876	3.9
91	-0.113703	3.825499	9.484918	0.006464	4.0
92	-0.100214	3.167036	9.743347	0.005095	3.1
93	-0.096659	3.372626	9.661159	0.006267	3.1
94	-0.113610	2.711699	9.930449	0.008456	3.6
95	-0.112343	3.679696	9.540953	0.007842	3.0
96	-0.107811	4.538804	9.220002	0.003933	3.0
97	-0.111906	4.578386	9.205734	0.005947	3.0
98	-0.104848	5.327969	8.943638	0.009803	3.0
99	-0.111658	4.680718	9.169051	0.008175	3.7
100	-0.095823	5.680709	8.825396	0.012413	4.2
101	-0.104711	6.680709	8.506568	0.007595	3.4
102	-0.090675	6.019337	8.714789	0.003262	3.4
103	-0.108288	5.376646	8.927133	0.004891	3.9
104	-0.090835	5.193555	8.989533	0.006367	3.3
105	-0.117727	4.868461	9.102506	0.006340	3.9
106	-0.124177	5.867750	8.763958	0.005990	3.0
107	-0.102463	5.208056	8.984559	0.004635	2.9
108	-0.101397	5.373368	8.928242	0.005652	4.5
109	-0.104839	5.299915	8.953178	0.009254	3.8
110	-0.091437	6.286797	8.629368	0.010848	3.1
111	-0.101621	7.282113	8.325680	0.004478	3.0
112	-0.100102	6.620859	8.525000	0.007838	3.1
113	-0.110728	6.269159	8.634950	0.008144	4.3
114	-0.101326	7.269150	8.329498	0.009926	3.8
115	-0.095162	6.607779	8.529039	0.005119	3.0
116	-0.108211	5.946412	8.738374	0.005730	3.0
117	-0.106615	5.299284	8.953393	0.003683	4.6
118	-0.126730	6.291081	8.628014	0.004131	3.5
119	-0.107956	6.185065	8.661661	0.005942	3.3
120	-0.104079	5.525390	8.877073	0.005266	3.0
121	-0.106370	6.028192	8.711934	0.005984	3.2
122	-0.102227	5.368830	8.929779	0.006247	3.5
123	-0.098642	4.796543	9.127883	0.004442	3.0
124	-0.110351	4.137539	9.367179	0.005417	3.4
125	-0.106065	3.515544	9.604838	0.004557	3.0
126	-0.097714	4.445064	9.253969	0.005965	3.5
127	-0.101785	4.507022	9.231490	0.006464	3.8
128	-0.107779	4.903410	9.090225	0.003846	4.1
129	-0.105485	4.543120	9.218444	0.002912	3.0
130	-0.118082	4.234803	9.331074	0.006593	3.0
131	-0.115584	4.104627	9.379459	0.008217	4.0
132	-0.103856	3.445590	9.632323	0.006996	4.2
133	-0.100879	4.412521	9.265819	0.005097	3.3
134	-0.088125	4.865458	9.103563	0.004662	3.3
135	-0.105499	4.889624	9.095066	0.014094	4.0
136	-0.106351	5.831030	8.775952	0.007626	3.2
137	-0.101666	5.170358	8.997501	0.009349	4.1
138	-0.106853	6.170333	8.666357	0.004671	3.0
139	-0.103915	5.992741	8.723376	0.006502	3.0
140	-0.099947	6.511350	8.558934	0.008188	4.7
141	-0.115794	7.511330	8.258746	0.006385	3.6
142	-0.109208	8.499352	7.982136	0.010377	3.3
143	-0.104541	9.495980	7.721274	0.004259	3.0
144	-0.109603	8.834610	7.892438	0.009380	4.1
145	-0.103595	9.787109	7.648260	0.011678	3.2
146	-0.091295	10.787109	7.407651	0.005811	4.1
147	-0.095346	11.780688	7.183126	0.008529	3.1
148	-0.106649	11.123678	7.330039	0.011856	3.0
149	-0.104098	12.099190	7.114006	0.008070	4.0
150	-0.093872	11.437818	7.259052	0.007640	3.0
151	-0.094595	10.776448	7.410137	0.006359	3.0
152	-0.111963	10.116875	7.567207	0.003790	3.0
153	-0.101113	11.104443	7.334431	0.005721	3.1
154	-0.096854	11.967651	7.142390	0.010324	4.2
155	-0.096717	11.817688	7.175028	0.008137	3.8
156	-0.091576	11.168050	7.319928	0.008924	3.2
157	-0.090726	10.506678	7.473585	0.003984	3.0
158	-0.096164	9.850639	7.632510	0.006677	3.8
159	-0.106889	10.848167	7.393450	0.006684	3.7
160	-0.108279	11.834309	7.171396	0.009809	3.3
161	-0.100980	12.531554	7.022276	0.006120	3.9
162	-0.112609	13.527004	6.819816	0.005307	3.0
163	-0.101532	12.892045	6.947584	0.006325	4.7
164	-0.113577	12.262076	7.079168	0.005080	3.8
165	-0.113446	13.149916	6.895122	0.003765	3.1
166	-0.109235	13.785944	6.769051	0.007908	3.1
167	-0.100775	13.148859	6.895335	0.008719	3.9
168	-0.089827	12.487488	7.031516	0.004386	3.3
169	-0.101069	11.826153	7.173178	0.005923	4.0
170	-0.104743	11.172433	7.318931	0.003796	3.1
171	-0.105104	11.613198	7.220016	0.004523	3.0
172	-0.099762	12.183387	7.095955	0.007718	4.8
173	-0.104325	11.522093	7.240242	0.010091	3.8
174	-0.114876	12.522092	7.024258	0.005493	3.2
175	-0.099451	11.860750	7.165625	0.004920	3.0
176	-0.105669	12.712960	6.984490	0.011923	3.7
177	-0.100339	12.051619	7.124245	0.006023	3.1
178	-0.095417	11.390248	7.269713	0.004898	3.0
179	-0.099554	12.264785	7.078591	0.003362	3.1
180	-0.106754	11.612790	7.220107	0.005500	3.0
181	-0.084942	10.995542	7.359395	0.006219	3.6
182	-0.100086	11.992965	7.136910	0.002388	3.3
183	-0.106695	11.698841	7.201106	0.013467	4.0
184	-0.097356	12.529827	7.022638	0.003887	3.1
185	-0.104663	13.497725	6.825604	0.005774	3.1
186	-0.107095	14.141575	6.700548	0.008101	4.8
187	-0.100969	14.764531	6.583836	0.004511	4.4
188	-0.108715	14.688259	6.597907	0.004901	3.4
189	-0.102578	14.220232	6.685584	0.003082	3.1
190	-0.088349	13.678299	6.790063	0.003890	4.8
191	-0.102440	13.934252	6.740314	0.005537	4.2
192	-0.098231	13.596054	6.806205	0.004773	3.2
193	-0.106926	14.399278	6.651769	0.004146	3.6
194	-0.097628	15.328266	6.481670	0.006025	4.6
195	-0.118550	16.039335	6.357237	0.005005	4.2
196	-0.113970	16.656432	6.253057	0.008090	3.4
197	-0.112631	15.998437	6.364264	0.003089	4.2
198	-0.107120	16.234163	6.323973	0.003556	5.2
199	-0.089992	16.061818	6.353380	0.008486	3.9
200	-0.111593	17.048618	6.188604	0.010433	3.5
201	-0.105334	18.048618	6.030119	0.013253	3.4
202	-0.107426	19.046573	5.879850	0.002404	3.9
203	-0.104630	20.034710	5.738260	0.007163	3.3
204	-0.105505	20.011764	5.741470	0.004832	3.3
205	-0.107771	20.972721	5.610020	0.008802	3.3
206	-0.108834	20.336303	5.696393	0.008312	3.5
207	-0.102613	19.674931	5.789016	0.010025	4.1
208	-0.104794	19.013563	5.884700	0.005662	3.9
209	-0.111054	18.352215	5.983598	0.012409	3.6
210	-0.098724	19.321721	5.839727	0.004495	3.5
211	-0.112072	20.321328	5.698457	0.006475	4.5
212	-0.091705	19.665980	5.790290	0.005448	4.2
213	-0.114360	20.262234	5.706618	0.003496	3.4
214	-0.115608	20.742132	5.641011	0.002981	3.0
215	-0.105377	20.169153	5.719521	0.010096	4.2
216	-0.109308	21.126490	5.589543	0.006470	4.1
217	-0.117791	22.126489	5.459935	0.006561	3.7
218	-0.109852	21.465223	5.544957	0.003117	3.3
219	-0.097450	22.432747	5.421435	0.005453	4.3
220	-0.109919	21.852306	5.494869	0.004418	3.6
221	-0.092621	22.592474	5.401571	0.003084	4.9
222	-0.101678	23.131930	5.335543	0.007473	4.3
223	-0.100576	22.943152	5.358464	0.003776	4.6
224	-0.108735	22.290245	5.439281	0.010699	3.9
225	-0.106299	23.288546	5.316675	0.008338	3.7
226	-0.110326	22.627176	5.397274	0.004986	3.1
227	-0.102624	23.201857	5.327102	0.002958	3.7
228	-0.115729	23.565837	5.283595	0.005778	3.0
229	-0.112154	23.799068	5.256088	0.005997	3.0
230	-0.095803	23.138737	5.334720	0.004377	3.0
231	-0.111199	22.479714	5.415579	0.005976	3.0
232	-0.105195	22.738469	5.383541	0.004825	3.6
233	-0.117493	23.182658	5.329417	0.009569	3.2
234	-0.106144	23.825719	5.252963	0.006345	3.9
235	-0.110153	24.825191	5.138393	0.009847	3.1
236	-0.124568	25.824682	5.028712	0.007037	3.0
237	-0.103483	26.824664	4.923565	0.009237	4.3
238	-0.112006	27.824664	4.822723	0.004795	3.7
239	-0.110190	27.166369	4.888635	0.003993	3.1
240	-0.100702	26.926663	4.913086	0.006897	3.1
241	-0.099564	26.324450	4.975606	0.005828	3.3
242	-0.110046	25.919382	5.018562	0.011942	3.9
243	-0.080692	25.258011	5.090314	0.003905	4.1
244	-0.099338	24.596678	5.164144	0.003172	3.1
245	-0.108607	24.136013	5.216850	0.003719	3.1
246	-0.101716	24.899666	5.130055	0.004365	4.0
247	-0.105736	24.291667	5.198922	0.004887	3.1
248	-0.097964	23.634323	5.275488	0.003596	4.1
249	-0.090181	24.570998	5.167054	0.007512	3.1
250	-0.096813	25.539619	5.059513	0.006861	3.4
251	-0.103211	24.878248	5.132450	0.004175	4.4
252	-0.102758	25.877432	5.023053	0.004542	4.0
253	-0.105255	25.368938	5.078137	0.004409	3.1
254	-0.110038	25.667863	5.045610	0.004650	3.0
255	-0.094508	25.495647	5.064298	0.006726	4.1
256	-0.110097	25.762605	5.035387	0.003122	3.8
257	-0.098179	26.729517	4.933380	0.007355	3.2
258	-0.102618	26.888030	4.917050	0.007270	3.9
259	-0.091787	27.465627	4.858450	0.003090	4.1
260	-0.089463	26.833604	4.922644	0.003771	3.3
261	-0.096220	26.770040	4.929195	0.008375	3.8
262	-0.093992	27.520233	4.852982	0.004901	3.1
263	-0.109100	26.859561	4.919975	0.007143	3.0
264	-0.103872	27.852579	4.819967	0.006573	4.7
265	-0.097313	27.193074	4.885927	0.004122	3.8
266	-0.097615	27.007115	4.904853	0.006155	3.1
267	-0.095170	26.356274	4.972262	0.006530	3.3
268	-0.101376	27.354722	4.869593	0.004722	3.9
269	-0.102984	28.347792	4.771598	0.007300	3.2
270	-0.098734	27.688360	4.836224	0.007298	4.1
271	-0.094569	27.027578	4.902763	0.009933	3.1
272	-0.098913	27.994673	4.805988	0.005769	3.1
273	-0.096653	27.333316	4.871750	0.004106	4.6
274	-0.103305	26.693354	4.937120	0.007376	3.2
275	-0.107912	26.034322	5.006298	0.005062	4.0
276	-0.098683	25.378710	5.077067	0.004699	3.1
277	-0.103620	24.759181	5.145805	0.013033	4.1
278	-0.111828	24.097810	5.221270	0.007288	3.2
279	-0.113759	24.910802	5.128811	0.008325	4.1
280	-0.095307	24.249446	5.203773	0.004773	3.0
281	-0.104706	25.249431	5.091259	0.002454	3.0
282	-0.094084	25.816357	5.029606	0.005584	4.3
283	-0.106310	26.729334	4.933398	0.008549	4.3
284	-0.094811	26.068490	5.002664	0.006587	3.9
285	-0.091864	25.410732	5.073564	0.005128	3.2
286	-0.094314	26.366904	4.971147	0.005787	4.3
287	-0.100006	26.518473	4.955290	0.005407	3.8
288	-0.116623	27.498656	4.855141	0.005445	3.3
289	-0.093395	27.658902	4.839152	0.009871	3.0
290	-0.096928	28.035443	4.801992	0.003775	3.8
291	-0.106004	29.001406	4.709224	0.004810	3.6
292	-0.110124	28.737797	4.734183	0.004242	4.3
293	-0.111666	29.216336	4.689068	0.006117	3.1
294	-0.112864	28.692475	4.738501	0.004968	3.0
295	-0.106771	28.107448	4.794951	0.006721	4.4
296	-0.095021	28.568567	4.750346	0.005528	4.2
297	-0.098406	27.909300	4.814377	0.010205	3.1
298	-0.104317	28.167092	4.789135	0.004695	3.1
299	-0.105673	27.505747	4.854431	0.008220	3.9
300	-0.092041	28.470097	4.759801	0.003390	3.4
301	-0.098951	27.984438	4.806992	0.003741	4.1
302	-0.106539	27.936359	4.811715	0.007781	3.1
303	-0.106824	27.401891	4.864848	0.006523	3.1
304	-0.106694	26.744221	4.931860	0.007701	4.4
305	-0.099613	27.574506	4.847560	0.003831	4.0
306	-0.123109	28.512630	4.755712	0.006503	3.1
307	-0.105179	27.863298	4.818910	0.006472	3.1
308	-0.103706	27.242149	4.880956	0.004998	3.8
309	-0.096678	26.586037	4.948254	0.006222	3.1
310	-0.114562	27.325174	4.872571	0.004047	3.0
311	-0.098190	28.259128	4.780187	0.006104	3.0
312	-0.096207	29.122440	4.697852	0.006092	2.9
313	-0.101686	28.462652	4.760518	0.006742	3.7
314	-0.095994	27.934650	4.811883	0.003056	4.3
315	-0.104723	28.802603	4.728022	0.008150	3.3
316	-0.105673	28.147006	4.791092	0.005939	3.7
317	-0.118544	27.900920	4.815202	0.010482	4.0
318	-0.117911	27.258256	4.879327	0.007229	3.1
319	-0.101066	28.252720	4.780808	0.009616	4.0
320	-0.095129	27.591349	4.845880	0.006515	3.0
321	-0.114913	27.726864	4.832403	0.005600	3.0
322	-0.105532	28.726624	4.735246	0.012695	4.5
323	-0.106331	28.065262	4.799074	0.003724	3.7
324	-0.107904	28.883335	4.720371	0.005288	3.4
325	-0.098495	28.298426	4.776376	0.006473	3.1
326	-0.107262	29.297292	4.681521	0.008966	3.9
327	-0.100096	28.635924	4.743899	0.008757	3.5
328	-0.108801	29.635923	4.650213	0.006515	3.8
329	-0.097113	30.426061	4.578765	0.004802	3.1
330	-0.103153	30.483851	4.573625	0.002661	3.0
331	-0.100050	29.927428	4.623595	0.008015	5.4
332	-0.115460	29.277550	4.683359	0.007880	4.4
333	-0.105157	30.277550	4.592026	0.003062	3.3
334	-0.099873	29.976429	4.619151	0.006175	3.3
335	-0.103542	30.676979	4.556532	0.003448	4.0
336	-0.098349	30.922931	4.534949	0.006921	3.0
337	-0.121274	31.920962	4.449424	0.009431	2.9
338	-0.108237	32.920951	4.366908	0.006723	3.0
339	-0.103711	32.476957	4.403164	0.011302	3.1
340	-0.104000	32.194658	4.426531	0.004476	3.7
341	-0.095778	32.659305	4.388201	0.009333	4.2
342	-0.105332	32.052256	4.438413	0.003204	3.4
343	-0.110841	31.583322	4.477994	0.007233	3.5
344	-0.101708	31.002156	4.528040	0.007706	4.5
345	-0.106049	30.354099	4.585181	0.004560	3.2
346	-0.105710	29.901838	4.625920	0.005678	3.7
347	-0.121232	30.893600	4.537512	0.005189	3.0
348	-0.114824	30.800706	4.545649	0.007531	2.9
349	-0.102962	30.142190	4.604180	0.008104	4.4
350	-0.103716	29.480819	4.664501	0.006994	4.0
351	-0.102067	30.480409	4.573931	0.005072	3.1
352	-0.106687	30.569415	4.566036	0.005902	3.0
353	-0.102768	31.007802	4.527548	0.008220	4.5
354	-0.092332	31.944154	4.447475	0.006164	3.2
355	-0.107787	31.282783	4.503735	0.004612	4.0
356	-0.113972	32.282345	4.419247	0.007615	3.0
357	-0.102064	33.263599	4.339333	0.012849	3.3
358	-0.102187	33.062524	4.355472	0.009052	4.3
359	-0.099490	32.401152	4.409415	0.006883	4.0
360	-0.101720	33.401000	4.328373	0.004466	3.1
361	-0.109297	34.374006	4.252317	0.002781	3.1
362	-0.108675	34.537914	4.239767	0.008734	3.7
363	-0.096627	34.868296	4.214695	0.003452	3.0
364	-0.103244	35.850167	4.141902	0.003326	3.0
365	-0.108771	35.232502	4.187397	0.005172	3.1
366	-0.111217	36.040684	4.128068	0.005970	3.0
367	-0.104332	35.631374	4.157904	0.007165	3.7
368	-0.102463	35.341768	4.179276	0.005714	4.4
369	-0.093238	36.329616	4.107263	0.005963	3.3
370	-0.106413	36.378727	4.103748	0.003238	3.8
371	-0.086094	36.973223	4.061665	0.007121	3.9
372	-0.113582	36.704299	4.080594	0.004096	3.1
373	-0.106764	37.703610	4.011130	0.006268	3.9
374	-0.106243	37.104802	4.052468	0.007661	3.0
375	-0.105351	36.453545	4.098404	0.005843	3.0
376	-0.103697	35.792186	4.146131	0.012020	4.6
377	-0.105008	35.130815	4.194983	0.007358	3.8
378	-0.106537	34.469443	4.245001	0.005359	3.1
379	-0.107170	33.808088	4.296224	0.003328	3.1
380	-0.105144	33.383416	4.329773	0.004730	3.4
381	-0.100847	32.788701	4.377645	0.007097	4.2
382	-0.117118	33.700415	4.304681	0.004778	3.8
383	-0.111239	33.045185	4.356870	0.004534	3.1
384	-0.106490	33.776087	4.298734	0.006119	3.0
385	-0.101327	34.390602	4.251043	0.005216	4.9
386	-0.103866	33.729493	4.302394	0.008525	4.0
387	-0.113793	34.729491	4.225192	0.006611	3.4
388	-0.097392	35.729425	4.150718	0.009589	3.6
389	-0.097164	36.707637	4.080358	0.006818	4.0
390	-0.103327	37.707637	4.010855	0.007195	3.2
391	-0.110899	38.707607	3.943682	0.004127	3.0
392	-0.116027	39.669144	3.881179	0.009107	3.2
393	-0.104696	39.011180	3.923733	0.007320	3.4
394	-0.095041	38.369094	3.966168	0.004327	4.3
395	-0.116774	39.053607	3.920960	0.005672	4.0
396	-0.103036	40.016008	3.859116	0.005867	3.7
397	-0.109178	40.261289	3.843664	0.004414	3.1
398	-0.098885	39.656489	3.881989	0.010599	4.2
399	-0.108621	38.999335	3.924507	0.005014	4.3
400	-0.105338	38.337964	3.968249	0.004354	4.1
401	-0.102708	37.692724	4.011874	0.008425	3.4
402	-0.102883	37.264516	4.041359	0.004614	4.8
403	-0.100043	37.156145	4.048890	0.005514	4.3
404	-0.103326	36.592096	4.088544	0.004714	3.4
405	-0.108824	37.331451	4.036721	0.010314	3.6
406	-0.102793	37.877806	3.999263	0.008328	4.6
407	-0.094414	38.877806	3.932472	0.007985	3.7
408	-0.106432	38.216846	3.976365	0.004452	3.9
409	-0.096640	38.256277	3.973719	0.004144	3.3
410	-0.104118	37.634762	4.015840	0.011877	4.7
411	-0.103108	36.975115	4.061533	0.003007	4.1
412	-0.096994	37.346553	4.035677	0.008375	3.4
413	-0.102232	37.746791	4.008182	0.010069	3.1
414	-0.100926	38.746764	3.941097	0.006992	4.0
415	-0.108680	39.150349	3.914654	0.003825	3.1
416	-0.104043	40.005852	3.859758	0.007778	3.1
417	-0.106644	40.464088	3.830982	0.002708	3.4
418	-0.092881	39.953682	3.863061	0.007210	3.0
419	-0.105990	40.220702	3.846212	0.002787	4.4
420	-0.105621	39.587060	3.886437	0.005553	3.7
421	-0.108951	39.584951	3.886573	0.004299	4.9
422	-0.109336	39.626124	3.883933	0.006586	4.3
423	-0.097197	40.489469	3.829401	0.013997	4.9
424	-0.091444	39.829234	3.870965	0.007849	3.8
425	-0.098016	40.829149	3.808363	0.004620	3.1
426	-0.106637	41.829089	3.747752	0.008624	3.0
427	-0.105572	41.399533	3.773551	0.006025	3.9
428	-0.101728	42.396592	3.714203	0.009595	4.4
429	-0.120358	42.373635	3.715549	0.003877	3.1
430	-0.103333	41.796721	3.749683	0.006940	4.0
431	-0.105088	42.734828	3.694492	0.005998	4.2
432	-0.111752	43.239792	3.665451	0.009148	3.3
433	-0.104607	42.578463	3.703578	0.006820	3.8
434	-0.099924	43.578295	3.646238	0.004958	3.1
435	-0.103001	42.917592	3.683928	0.004582	3.0
436	-0.102312	42.258151	3.722332	0.010414	4.7
437	-0.099966	43.251277	3.664796	0.004848	3.8
438	-0.101908	42.591430	3.702823	0.004985	3.1
439	-0.076305	43.580550	3.646111	0.004389	3.0
440	-0.109679	44.311779	3.605289	0.004979	3.7
441	-0.116942	43.843692	3.631314	0.004861	3.0
442	-0.101654	44.144193	3.614563	0.006367	3.0
443	-0.097799	43.743456	3.636936	0.008395	3.0
444	-0.097304	44.703871	3.583774	0.003187	3.0
445	-0.093611	45.032582	3.565934	0.013283	3.7
446	-0.088579	45.170999	3.558475	0.007994	3.6
447	-0.104374	44.509627	3.594400	0.006369	4.0
448	-0.105022	45.509429	3.540368	0.005847	3.1
449	-0.091883	44.848098	3.575924	0.007561	3.1
450	-0.110467	44.186728	3.612205	0.005350	4.6
451	-0.112741	43.542499	3.648260	0.007161	4.4
452	-0.105545	44.533116	3.593112	0.004036	3.0
453	-0.100072	45.102890	3.562141	0.006341	3.0
454	-0.093149	45.713672	3.529529	0.009985	4.0
455	-0.102629	45.052301	3.564869	0.008675	3.9
456	-0.098624	44.390930	3.600925	0.001856	3.3
457	-0.106591	43.812391	3.633068	0.008805	3.9
458	-0.100037	44.339706	3.603748	0.009625	3.4
459	-0.095295	43.688735	3.640013	0.005136	4.4
460	-0.104641	43.028283	3.677560	0.006564	3.8
461	-0.106949	42.965935	3.681144	0.003748	3.1
462	-0.104697	42.305392	3.719554	0.005024	3.1
463	-0.098955	43.249403	3.664903	0.006856	4.8
464	-0.103935	42.677558	3.697815	0.008869	3.8
465	-0.114797	42.618854	3.701227	0.010567	3.1
466	-0.106548	41.964902	3.739668	0.005552	3.1
467	-0.090849	42.964902	3.681203	0.015536	3.7
468	-0.107764	43.959433	3.624844	0.005825	3.1
469	-0.116421	43.298062	3.662129	0.005606	3.0
470	-0.096392	42.660508	3.698805	0.004858	3.0
471	-0.105553	42.162627	3.727961	0.010257	2.9
472	-0.099858	42.937404	3.682787	0.006718	3.5
473	-0.097815	42.560018	3.704653	0.002512	3.4
474	-0.111942	42.250206	3.722799	0.009136	3.7
475	-0.109230	42.948206	3.682165	0.007790	3.1
476	-0.084721	42.286868	3.720643	0.009136	3.0
477	-0.086922	43.286830	3.662769	0.008884	4.6
478	-0.113480	42.625459	3.700843	0.009742	3.6
479	-0.104492	41.964087	3.739716	0.007089	3.2
480	-0.101939	41.302716	3.779415	0.005457	3.0
481	-0.106197	42.292868	3.720290	0.005397	3.4
482	-0.087722	43.284037	3.662928	0.010048	4.5
483	-0.118303	44.279273	3.607084	0.010682	4.1
484	-0.104752	44.724970	3.582624	0.005988	3.1
485	-0.112407	44.063598	3.619041	0.003717	3.1
486	-0.110359	44.223493	3.610169	0.007335	4.1
487	-0.103481	43.619885	3.643891	0.001747	4.7
488	-0.111569	44.530625	3.593249	0.006959	3.8
489	-0.102627	44.455211	3.597388	0.006589	3.3
490	-0.114667	45.224064	3.555623	0.005725	4.7
491	-0.105244	44.562759	3.591487	0.007322	3.8
492	-0.108474	45.267565	3.553289	0.005563	3.1
493	-0.106285	45.866386	3.521468	0.005198	3.0
494	-0.091046	46.865949	3.469602	0.006585	3.3
495	-0.108379	46.406566	3.493248	0.005829	3.2
496	-0.106988	46.009560	3.513944	0.008810	3.0
497	-0.114626	46.994539	3.463040	0.008348	3.0
498	-0.104465	46.333167	3.497055	0.009226	3.0
499	-0.097258	47.333167	3.445879	0.008664	3.7
