1:ItNr	2:Metric	3a:Time	3b:StepSize	4:||Gradient||	Time[ms]
0	-0.151124	0.000000	368.470504	0.004543	1427.9
1	-0.107626	0.010110	368.293202	0.002869	2.5
2	-0.040491	0.020219	368.116070	0.002282	2.5
3	-0.143022	0.030329	367.939109	0.002468	2.4
4	-0.258171	0.040439	367.762317	0.003578	2.4
5	-0.025528	0.050549	367.585695	0.002229	2.4
6	-0.011981	0.060658	367.409243	0.000888	3.5
7	-0.008493	0.070768	367.232960	0.001285	2.8
8	-0.163506	0.080878	367.056847	0.003203	2.4
9	-0.196884	0.090988	366.880902	0.004976	2.6
10	-0.034412	0.101097	366.705125	0.004701	2.5
11	-0.215727	0.111207	366.529518	0.003895	2.5
12	-0.192966	0.121317	366.354078	0.004625	3.0
13	-0.010591	0.131427	366.178806	0.001536	3.0
14	-0.202994	0.141536	366.003701	0.003392	2.7
15	-0.092589	0.151646	365.828764	0.001911	2.4
16	-0.077187	0.161756	365.653995	0.004492	2.4
17	-0.045059	0.171866	365.479392	0.004067	2.5
18	-0.011587	0.181975	365.304956	0.002717	6.1
19	-0.215525	0.192085	365.130686	0.004849	2.9
20	-0.159704	0.202195	364.956582	0.005501	2.5
21	-0.064821	0.212305	364.782644	0.003377	2.4
22	-0.024452	0.222414	364.608873	0.002790	3.0
23	-0.044411	0.232524	364.435266	0.003567	3.4
24	-0.014697	0.242634	364.261825	0.001236	3.1
25	-0.224858	0.252744	364.088549	0.004113	2.5
26	-0.263404	0.262853	363.915437	0.006208	2.4
27	-0.010036	0.272963	363.742490	0.003282	2.5
28	-0.008023	0.283073	363.569708	0.000941	4.7
29	-0.003653	0.293183	363.397089	0.001196	3.6
30	-0.029979	0.303292	363.224635	0.002155	2.8
31	-0.132900	0.313402	363.052344	0.004145	2.6
32	-0.128579	0.323512	362.880216	0.003170	2.4
33	-0.006843	0.333622	362.708251	0.000816	2.8
34	-0.086241	0.343731	362.536450	0.002499	3.0
35	-0.174836	0.353841	362.364811	0.005147	2.9
36	-0.012644	0.363951	362.193334	0.002705	2.6
37	-0.132390	0.374061	362.022020	0.002315	2.5
38	-0.250030	0.384170	361.850867	0.004138	2.4
39	-0.013745	0.394280	361.679877	0.000660	3.3
40	-0.000013	0.404390	361.509048	0.000024	4.0
41	-0.071099	0.414500	361.338380	0.002267	2.6
42	-0.276074	0.424609	361.167873	0.003883	2.5
43	-0.155833	0.434719	360.997528	0.004600	2.4
44	-0.181690	0.444829	360.827342	0.004278	2.5
45	-0.090991	0.454939	360.657317	0.002782	3.4
46	-0.106399	0.465048	360.487453	0.002951	2.6
47	-0.217902	0.475158	360.317748	0.002356	2.6
48	-0.003726	0.485268	360.148203	0.001461	2.7
49	-0.042180	0.495378	359.978817	0.003006	2.6
50	-0.045464	0.505487	359.809591	0.002038	2.6
51	-0.211332	0.515597	359.640524	0.005710	5.4
52	-0.253529	0.525707	359.471615	0.005520	2.8
53	-0.079630	0.535817	359.302865	0.005116	2.6
54	-0.227263	0.545926	359.134274	0.004097	2.6
55	-0.189834	0.556036	358.965840	0.004333	2.6
56	-0.150546	0.566146	358.797565	0.002927	3.5
57	-0.142460	0.576256	358.629447	0.002981	3.6
58	-0.110092	0.586365	358.461487	0.004992	2.8
59	-0.169531	0.596475	358.293684	0.004225	2.7
60	-0.037925	0.606585	358.126038	0.002964	2.7
61	-0.014451	0.616695	357.958549	0.001452	7.2
62	-0.159429	0.626804	357.791216	0.005434	3.1
63	-0.031954	0.636914	357.624040	0.002930	3.2
64	-0.024811	0.647024	357.457020	0.002144	2.7
65	-0.109324	0.657134	357.290155	0.003656	3.6
66	-0.121501	0.667243	357.123447	0.002737	2.9
67	-0.165072	0.677353	356.956894	0.004294	2.4
68	-0.112117	0.687463	356.790496	0.003565	2.5
69	-0.112451	0.697572	356.624254	0.003973	2.6
70	-0.092851	0.707682	356.458166	0.003796	2.5
71	-0.036088	0.717792	356.292233	0.003003	7.6
72	-0.026168	0.727902	356.126454	0.000914	2.6
73	-0.157714	0.738011	355.960829	0.004759	2.7
74	-0.011394	0.748121	355.795359	0.000821	2.6
75	-0.192913	0.758231	355.630042	0.006158	3.0
76	-0.198305	0.768341	355.464879	0.003973	3.3
77	-0.159418	0.778450	355.299869	0.002636	2.8
78	-0.171807	0.788560	355.135012	0.004417	2.7
79	-0.092005	0.798670	354.970308	0.003615	2.7
80	-0.169559	0.808780	354.805757	0.004614	2.5
81	-0.012454	0.818889	354.641359	0.001722	4.7
82	-0.112656	0.828999	354.477112	0.003288	2.7
83	-0.044756	0.839109	354.313018	0.004162	2.6
84	-0.094888	0.849219	354.149075	0.005267	2.7
85	-0.106511	0.859328	353.985285	0.002450	3.1
86	-0.118099	0.869438	353.821645	0.003558	3.7
87	-0.000028	0.879548	353.658157	0.000346	3.1
88	-0.117354	0.889658	353.494820	0.001560	2.9
89	-0.283266	0.899767	353.331634	0.004105	2.7
90	-0.064650	0.909877	353.168598	0.002206	2.8
91	-0.176964	0.919987	353.005712	0.005142	4.3
92	-0.128577	0.930097	352.842977	0.002932	3.2
93	-0.206186	0.940206	352.680392	0.004677	3.1
94	-0.085538	0.950316	352.517957	0.003508	2.8
95	-0.015026	0.960426	352.355671	0.001435	2.7
96	-0.121168	0.970536	352.193534	0.003820	3.4
97	-0.129262	0.980645	352.031547	0.003076	3.3
98	-0.226404	0.990755	351.869708	0.005055	2.9
99	-0.079476	1.000865	351.708019	0.002151	2.8
100	-0.150209	1.010975	351.546477	0.003182	2.7
101	-0.114727	1.021084	351.385085	0.003360	7.3
102	-0.031064	1.031194	351.223840	0.004776	3.1
103	-0.170379	1.041304	351.062743	0.003873	2.7
104	-0.013589	1.051414	350.901794	0.001739	2.7
105	-0.011397	1.061523	350.740992	0.001851	2.8
106	-0.013124	1.071633	350.580338	0.001227	3.4
107	-0.058565	1.081743	350.419831	0.005546	2.7
108	-0.084928	1.091853	350.259471	0.003547	2.8
109	-0.189212	1.101962	350.099257	0.003466	2.7
110	-0.000000	1.112072	349.939190	0.000000	2.6
111	-0.020526	1.122182	349.779269	0.001081	6.0
112	-0.017222	1.132292	349.619495	0.001193	2.7
113	-0.090475	1.142401	349.459866	0.002856	2.7
114	-0.016247	1.152511	349.300383	0.001331	2.8
115	-0.109014	1.162621	349.141045	0.002983	2.7
116	-0.016755	1.172731	348.981853	0.002235	3.4
117	-0.174203	1.182840	348.822806	0.003864	3.2
118	-0.100603	1.192950	348.663903	0.004084	3.1
119	-0.013152	1.203060	348.505146	0.001700	2.9
120	-0.051740	1.213170	348.346533	0.002809	2.8
121	-0.141162	1.223279	348.188064	0.002709	3.9
122	-0.177455	1.233389	348.029739	0.003449	4.1
123	-0.149151	1.243499	347.871559	0.002151	3.1
124	-0.015443	1.253609	347.713522	0.001347	2.7
125	-0.186309	1.263718	347.555628	0.004007	2.8
126	-0.158271	1.273828	347.397878	0.002961	3.6
127	-0.087273	1.283938	347.240271	0.003253	3.0
128	-0.000819	1.294048	347.082807	0.000821	2.8
129	-0.244424	1.304157	346.925486	0.004190	3.0
130	-0.109086	1.314267	346.768307	0.002981	2.8
131	-0.198516	1.324377	346.611271	0.004469	6.3
132	-0.060864	1.334486	346.454377	0.002673	2.8
133	-0.225815	1.344596	346.297624	0.005724	2.8
134	-0.153011	1.354706	346.141014	0.003969	3.4
135	-0.011613	1.364816	345.984545	0.002109	3.7
136	-0.011101	1.374925	345.828217	0.000834	4.0
137	-0.122853	1.385035	345.672031	0.003126	3.5
138	-0.004529	1.395145	345.515986	0.001773	3.2
139	-0.233417	1.405255	345.360081	0.005682	3.2
140	-0.071117	1.415364	345.204318	0.003859	6.1
141	-0.285855	1.425474	345.048694	0.005418	3.2
142	-0.002685	1.435584	344.893211	0.001443	3.3
143	-0.079112	1.445694	344.737868	0.003028	2.8
144	-0.103924	1.455803	344.582665	0.003515	4.0
145	-0.155049	1.465913	344.427601	0.003533	3.4
146	-0.252654	1.476023	344.272677	0.005800	3.1
147	-0.230592	1.486133	344.117893	0.004162	2.7
148	-0.189115	1.496242	343.963247	0.003953	2.9
149	-0.084926	1.506352	343.808740	0.003508	6.2
150	-0.130889	1.516462	343.654372	0.003300	3.6
151	-0.008936	1.526572	343.500143	0.001349	3.4
152	-0.004048	1.536681	343.346052	0.000872	2.9
153	-0.053018	1.546791	343.192099	0.004415	3.4
154	-0.152744	1.556901	343.038285	0.004530	3.6
155	-0.069951	1.567011	342.884608	0.003850	3.1
156	-0.080038	1.577120	342.731068	0.002805	2.9
157	-0.017306	1.587230	342.577666	0.002459	2.8
158	-0.030590	1.597340	342.424402	0.001923	3.4
159	-0.063946	1.607450	342.271274	0.003850	4.3
160	-0.073572	1.617559	342.118283	0.003770	3.1
161	-0.010870	1.627669	341.965429	0.001197	3.0
162	-0.018602	1.637779	341.812712	0.001247	2.9
163	-0.274055	1.647889	341.660131	0.005318	3.4
164	-0.149776	1.657998	341.507686	0.003778	3.4
165	-0.007283	1.668108	341.355377	0.001864	3.1
166	-0.223886	1.678218	341.203204	0.004475	2.9
167	-0.152565	1.688328	341.051166	0.003537	2.7
168	-0.056314	1.698437	340.899264	0.003899	3.6
169	-0.006775	1.708547	340.747497	0.002090	4.4
170	-0.118989	1.718657	340.595866	0.002421	3.2
171	-0.060281	1.728767	340.444369	0.002846	3.2
172	-0.057840	1.738876	340.293006	0.002678	3.2
173	-0.192836	1.748986	340.141779	0.002976	4.0
174	-0.043472	1.759096	339.990685	0.003756	4.1
175	-0.128769	1.769206	339.839726	0.003215	3.6
176	-0.007453	1.779315	339.688901	0.000882	3.4
177	-0.149994	1.789425	339.538210	0.003921	5.5
178	-0.146130	1.799535	339.387652	0.004314	5.6
179	-0.106143	1.809645	339.237228	0.002492	4.3
180	-0.121793	1.819754	339.086937	0.002743	4.6
181	-0.280141	1.829864	338.936779	0.002855	3.6
182	-0.107750	1.839974	338.786754	0.002547	4.2
183	-0.153798	1.850084	338.636862	0.003046	3.6
184	-0.105302	1.860193	338.487103	0.002667	6.4
185	-0.007631	1.870303	338.337475	0.001162	3.2
186	-0.146792	1.880413	338.187980	0.003936	2.9
187	-0.243513	1.890523	338.038618	0.004035	3.1
188	-0.089754	1.900632	337.889387	0.003611	3.5
189	-0.208857	1.910742	337.740287	0.002894	3.8
190	-0.181665	1.920852	337.591319	0.003553	3.5
191	-0.125520	1.930962	337.442483	0.004298	3.2
192	-0.054347	1.941071	337.293778	0.001993	3.1
193	-0.031952	1.951181	337.145204	0.001065	4.6
194	-0.105312	1.961291	336.996760	0.002832	3.3
195	-0.266697	1.971401	336.848447	0.004609	3.1
196	-0.029416	1.981510	336.700265	0.001892	3.0
197	-0.144428	1.991620	336.552213	0.002517	3.2
198	-0.095394	2.001730	336.404291	0.006059	3.8
199	-0.219699	2.011839	336.256499	0.004892	3.3
200	-0.083182	2.021949	336.108837	0.002852	3.3
201	-0.098554	2.032059	335.961305	0.003759	3.2
202	-0.050329	2.042169	335.813902	0.002670	7.0
203	-0.020508	2.052278	335.666628	0.001169	3.5
204	-0.029301	2.062388	335.519484	0.001982	3.3
205	-0.188175	2.072498	335.372468	0.005123	3.3
206	-0.032813	2.082608	335.225582	0.001863	3.8
207	-0.093994	2.092717	335.078823	0.003431	4.2
208	-0.136910	2.102827	334.932194	0.003801	3.7
209	-0.021257	2.112937	334.785692	0.002597	3.0
210	-0.056014	2.123047	334.639319	0.002996	2.8
211	-0.031943	2.133156	334.493073	0.003474	7.3
212	-0.023348	2.143266	334.346956	0.001477	2.8
213	-0.011396	2.153376	334.200966	0.000817	2.8
214	-0.130772	2.163486	334.055103	0.002450	2.8
215	-0.125995	2.173595	333.909368	0.003312	3.9
216	-0.112214	2.183705	333.763759	0.003970	2.8
217	-0.015990	2.193815	333.618278	0.001878	3.2
218	-0.036580	2.203925	333.472923	0.001438	2.9
219	-0.001073	2.214034	333.327695	0.001572	3.1
220	-0.025028	2.224144	333.182594	0.002631	6.2
221	-0.119071	2.234254	333.037619	0.005735	2.8
222	-0.239756	2.244364	332.892770	0.004391	2.8
223	-0.209904	2.254473	332.748046	0.005045	2.8
224	-0.185490	2.264583	332.603449	0.003460	2.9
225	-0.041367	2.274693	332.458977	0.002303	3.8
226	-0.182587	2.284803	332.314631	0.003997	3.6
227	-0.020889	2.294912	332.170410	0.000640	3.4
228	-0.032790	2.305022	332.026314	0.001371	3.1
229	-0.081948	2.315132	331.882343	0.002888	5.0
230	-0.287077	2.325242	331.738497	0.005238	4.6
231	-0.033234	2.335351	331.594775	0.001958	3.1
232	-0.107458	2.345461	331.451178	0.003241	3.1
233	-0.146555	2.355571	331.307706	0.005254	4.2
234	-0.069784	2.365681	331.164357	0.002312	3.6
235	-0.265998	2.375790	331.021132	0.005623	3.5
236	-0.177163	2.385900	330.878032	0.004158	3.3
237	-0.135354	2.396010	330.735055	0.003214	3.2
238	-0.160763	2.406120	330.592201	0.003275	8.0
239	-0.142590	2.416229	330.449471	0.004867	3.1
240	-0.189903	2.426339	330.306864	0.003896	3.2
241	-0.239492	2.436449	330.164380	0.004486	3.9
242	-0.100976	2.446559	330.022019	0.003994	3.6
243	-0.157813	2.456668	329.879780	0.003810	3.1
244	-0.099387	2.466778	329.737665	0.004235	3.0
245	-0.033201	2.476888	329.595671	0.001852	3.0
246	-0.017326	2.486998	329.453800	0.001967	4.8
247	-0.166313	2.497107	329.312051	0.004165	3.4
248	-0.072648	2.507217	329.170424	0.002836	3.2
249	-0.058475	2.517327	329.028918	0.003295	3.2
250	-0.116793	2.527437	328.887534	0.002003	3.7
251	-0.027649	2.537546	328.746272	0.001746	3.9
252	-0.117084	2.547656	328.605131	0.003228	3.3
253	-0.070947	2.557766	328.464111	0.002939	3.4
254	-0.051587	2.567876	328.323212	0.004282	3.1
255	-0.241700	2.577985	328.182434	0.005002	4.4
256	-0.002625	2.588095	328.041776	0.001441	3.3
257	-0.214134	2.598205	327.901240	0.004425	3.2
258	-0.005741	2.608315	327.760823	0.000880	3.0
259	-0.017996	2.618424	327.620527	0.002602	3.1
260	-0.147464	2.628534	327.480350	0.003198	4.6
261	-0.032280	2.638644	327.340294	0.002061	3.5
262	-0.132952	2.648753	327.200357	0.003357	3.4
263	-0.024421	2.658863	327.060540	0.003165	2.8
264	-0.031419	2.668973	326.920843	0.002632	7.7
265	-0.040765	2.679083	326.781264	0.002418	3.1
266	-0.209320	2.689192	326.641805	0.004405	2.8
267	-0.157810	2.699302	326.502465	0.003987	3.2
268	-0.105243	2.709412	326.363243	0.005542	3.8
269	-0.224134	2.719522	326.224141	0.004946	3.5
270	-0.150103	2.729631	326.085157	0.003464	3.2
271	-0.134505	2.739741	325.946291	0.003754	3.3
272	-0.074915	2.749851	325.807543	0.002460	3.3
273	-0.004706	2.759961	325.668914	0.001489	5.3
274	-0.237510	2.770070	325.530402	0.003573	3.4
275	-0.011214	2.780180	325.392008	0.001081	3.3
276	-0.011692	2.790290	325.253732	0.001365	3.2
277	-0.004575	2.800400	325.115573	0.001134	3.7
278	-0.165121	2.810509	324.977532	0.004076	3.8
279	-0.108290	2.820619	324.839608	0.002433	3.3
280	-0.011915	2.830729	324.701801	0.001457	3.1
281	-0.024605	2.840839	324.564110	0.001688	3.4
282	-0.043600	2.850948	324.426537	0.003198	4.5
283	-0.006701	2.861058	324.289080	0.001009	2.9
284	-0.127887	2.871168	324.151739	0.002228	3.0
285	-0.012812	2.881278	324.014515	0.001710	3.4
286	-0.133747	2.891387	323.877407	0.005125	4.2
287	-0.130579	2.901497	323.740414	0.003162	3.9
288	-0.157520	2.911607	323.603538	0.003251	3.9
289	-0.026537	2.921717	323.466777	0.003172	3.3
290	-0.028019	2.931826	323.330132	0.002393	6.6
291	-0.064415	2.941936	323.193603	0.001959	3.8
292	-0.179815	2.952046	323.057188	0.005118	3.4
293	-0.004915	2.962156	322.920889	0.000668	4.1
294	-0.042673	2.972265	322.784704	0.002566	4.3
295	-0.258475	2.982375	322.648635	0.006100	4.8
296	-0.019291	2.992485	322.512680	0.001764	3.8
297	-0.012134	3.002595	322.376840	0.001020	3.5
298	-0.028085	3.012704	322.241114	0.001839	6.9
299	-0.194306	3.022814	322.105502	0.004253	3.4
300	-0.236241	3.032924	321.970004	0.003084	3.4
301	-0.053870	3.043034	321.834620	0.001835	3.3
302	-0.071175	3.053143	321.699351	0.002591	3.9
303	-0.255882	3.063253	321.564194	0.004634	3.0
304	-0.147243	3.073363	321.429152	0.004127	3.4
305	-0.144193	3.083473	321.294222	0.006261	3.0
306	-0.247226	3.093582	321.159406	0.006139	7.9
307	-0.038123	3.103692	321.024703	0.001684	3.5
308	-0.239652	3.113802	320.890113	0.004102	3.0
309	-0.022863	3.123912	320.755636	0.002471	3.1
310	-0.120576	3.134021	320.621271	0.002612	4.2
311	-0.000908	3.144131	320.487019	0.000674	4.2
312	-0.083957	3.154241	320.352879	0.003371	3.6
313	-0.274950	3.164351	320.218852	0.005208	3.1
314	-0.011540	3.174460	320.084937	0.001223	3.6
315	-0.204857	3.184570	319.951133	0.005728	4.5
316	-0.124628	3.194680	319.817442	0.005503	3.3
317	-0.208153	3.204790	319.683862	0.003026	3.2
318	-0.169641	3.214899	319.550393	0.003545	3.1
319	-0.219609	3.225009	319.417037	0.004373	3.9
320	-0.214916	3.235119	319.283791	0.004785	3.0
321	-0.214231	3.245229	319.150656	0.005216	3.2
322	-0.222482	3.255338	319.017633	0.005852	2.9
323	-0.144249	3.265448	318.884720	0.004247	3.2
324	-0.194754	3.275558	318.751918	0.004892	4.9
325	-0.121561	3.285668	318.619226	0.005741	3.2
326	-0.142631	3.295777	318.486645	0.003480	3.0
327	-0.043024	3.305887	318.354175	0.003054	3.2
328	-0.022684	3.315997	318.221814	0.001284	3.6
329	-0.204062	3.326106	318.089563	0.003739	3.7
330	-0.155089	3.336216	317.957423	0.002953	3.0
331	-0.187406	3.346326	317.825392	0.004889	3.2
332	-0.143777	3.356436	317.693470	0.003418	3.0
333	-0.156687	3.366545	317.561659	0.002607	8.4
334	-0.049271	3.376655	317.429956	0.004514	3.0
335	-0.211222	3.386765	317.298363	0.004431	3.0
336	-0.162320	3.396875	317.166878	0.003780	3.0
337	-0.191824	3.406984	317.035503	0.006956	3.8
338	-0.006787	3.417094	316.904236	0.001842	3.8
339	-0.119775	3.427204	316.773078	0.004423	3.3
340	-0.249601	3.437314	316.642029	0.005417	3.2
341	-0.039396	3.447423	316.511088	0.002219	2.9
342	-0.034268	3.457533	316.380255	0.002639	5.0
343	-0.012848	3.467643	316.249531	0.001928	2.9
344	-0.087794	3.477753	316.118914	0.002176	2.9
345	-0.049735	3.487862	315.988405	0.001605	3.1
346	-0.009992	3.497972	315.858004	0.002876	3.6
347	-0.008210	3.508082	315.727710	0.003055	3.6
348	-0.032913	3.518192	315.597524	0.002242	3.2
349	-0.183886	3.528301	315.467446	0.005467	3.4
350	-0.049391	3.538411	315.337474	0.002306	3.1
351	-0.004923	3.548521	315.207610	0.001622	4.6
352	-0.044019	3.558631	315.077852	0.002747	3.2
353	-0.047655	3.568740	314.948201	0.003559	2.8
354	-0.010472	3.578850	314.818657	0.000640	2.9
355	-0.060054	3.588960	314.689219	0.001734	3.0
356	-0.081308	3.599070	314.559888	0.003016	3.7
357	-0.030913	3.609179	314.430663	0.001410	2.8
358	-0.168718	3.619289	314.301544	0.006150	3.3
359	-0.125042	3.629399	314.172531	0.003936	2.9
360	-0.168504	3.639509	314.043624	0.004289	3.2
361	-0.206138	3.649618	313.914823	0.003550	6.9
362	-0.088190	3.659728	313.786128	0.001923	2.9
363	-0.228163	3.669838	313.657537	0.003527	2.8
364	-0.258964	3.679948	313.529053	0.003862	2.9
365	-0.018587	3.690057	313.400673	0.001218	3.7
366	-0.212824	3.700167	313.272399	0.005027	3.7
367	-0.078388	3.710277	313.144229	0.004999	3.9
368	-0.227035	3.720387	313.016164	0.004712	3.2
369	-0.119447	3.730496	312.888204	0.003009	3.3
370	-0.123168	3.740606	312.760349	0.003575	6.7
371	-0.048874	3.750716	312.632598	0.002190	3.4
372	-0.000730	3.760826	312.504951	0.000194	3.1
373	-0.000834	3.770935	312.377409	0.000627	3.0
374	-0.142162	3.781045	312.249971	0.003786	3.6
375	-0.159566	3.791155	312.122636	0.005526	3.0
376	-0.075773	3.801265	311.995405	0.006204	2.9
377	-0.032962	3.811374	311.868279	0.002061	3.1
378	-0.005743	3.821484	311.741255	0.001252	3.1
379	-0.046466	3.831594	311.614335	0.005093	8.4
380	-0.054511	3.841704	311.487519	0.001991	2.8
381	-0.110905	3.851813	311.360805	0.002988	3.0
382	-0.249588	3.861923	311.234195	0.004812	3.5
383	-0.080454	3.872033	311.107687	0.003305	3.6
384	-0.107119	3.882143	310.981282	0.003628	3.1
385	-0.198591	3.892252	310.854980	0.005491	3.3
386	-0.127705	3.902362	310.728781	0.003963	2.9
387	-0.075531	3.912472	310.602684	0.003283	4.2
388	-0.009603	3.922582	310.476689	0.001425	4.0
389	-0.012217	3.932691	310.350797	0.002785	3.2
390	-0.245283	3.942801	310.225006	0.004630	3.0
391	-0.194661	3.952911	310.099317	0.004180	2.8
392	-0.054580	3.963020	309.973731	0.004282	3.8
393	-0.026111	3.973130	309.848246	0.001824	3.2
394	-0.166599	3.983240	309.722862	0.003873	3.1
395	-0.209946	3.993350	309.597580	0.004672	3.1
396	-0.069850	4.003459	309.472399	0.003987	2.9
397	-0.095190	4.013569	309.347320	0.003744	4.3
398	-0.137115	4.023679	309.222341	0.005367	2.9
399	-0.204469	4.033789	309.097463	0.004342	2.7
400	-0.023405	4.043898	308.972687	0.001064	3.6
401	-0.197230	4.054008	308.848011	0.005224	3.4
402	-0.073863	4.064118	308.723435	0.002676	4.2
403	-0.218194	4.074228	308.598960	0.004139	3.7
404	-0.009546	4.084337	308.474585	0.002849	3.4
405	-0.191051	4.094447	308.350311	0.004643	3.3
406	-0.104806	4.104557	308.226136	0.003953	8.8
407	-0.153243	4.114667	308.102062	0.004121	3.3
408	-0.059270	4.124776	307.978087	0.002027	3.3
409	-0.041372	4.134886	307.854213	0.002455	3.8
410	-0.070162	4.144996	307.730437	0.003137	3.5
411	-0.012744	4.155106	307.606762	0.001322	2.9
412	-0.029654	4.165215	307.483185	0.002114	3.2
413	-0.005821	4.175325	307.359708	0.001101	3.1
414	-0.001875	4.185435	307.236330	0.000961	6.4
415	-0.101623	4.195545	307.113051	0.004090	3.6
416	-0.199407	4.205654	306.989871	0.005235	2.9
417	-0.227705	4.215764	306.866790	0.005455	2.9
418	-0.088872	4.225874	306.743807	0.002692	3.4
419	-0.011304	4.235984	306.620923	0.001874	4.0
420	-0.016850	4.246093	306.498137	0.002327	3.7
421	-0.007259	4.256203	306.375450	0.001836	3.2
422	-0.007885	4.266313	306.252860	0.001654	2.9
423	-0.086397	4.276423	306.130369	0.001253	5.0
424	-0.085702	4.286532	306.007976	0.002879	3.5
425	-0.079927	4.296642	305.885681	0.003941	3.1
426	-0.011664	4.306752	305.763483	0.002012	2.9
427	-0.264394	4.316862	305.641383	0.004195	3.2
428	-0.050345	4.326971	305.519380	0.002795	3.6
429	-0.116173	4.337081	305.397475	0.003034	3.0
430	-0.009832	4.347191	305.275667	0.001349	3.0
431	-0.103286	4.357301	305.153956	0.004161	2.9
432	-0.161215	4.367410	305.032342	0.002688	3.3
433	-0.148332	4.377520	304.910825	0.004046	5.5
434	-0.017080	4.387630	304.789405	0.002299	2.9
435	-0.012104	4.397740	304.668081	0.002930	3.1
436	-0.178496	4.407849	304.546855	0.003412	3.1
437	-0.032230	4.417959	304.425724	0.001878	3.6
438	-0.020427	4.428069	304.304690	0.003429	3.7
439	-0.204928	4.438179	304.183752	0.003459	3.3
440	-0.153596	4.448288	304.062910	0.003209	2.9
441	-0.039302	4.458398	303.942164	0.003331	2.9
442	-0.145939	4.468508	303.821514	0.003380	6.6
443	-0.066121	4.478618	303.700959	0.004049	2.8
444	-0.116305	4.488727	303.580501	0.002784	2.8
445	-0.023769	4.498837	303.460137	0.001744	3.1
446	-0.206547	4.508947	303.339870	0.006524	3.8
447	-0.255190	4.519057	303.219697	0.006271	3.0
448	-0.154768	4.529166	303.099620	0.005479	2.9
449	-0.217335	4.539276	302.979637	0.004641	2.8
450	-0.157917	4.549386	302.859750	0.003356	2.8
451	-0.107616	4.559496	302.739958	0.003660	7.1
452	-0.126490	4.569605	302.620260	0.003085	3.2
453	-0.002481	4.579715	302.500657	0.000954	3.2
454	-0.050222	4.589825	302.381148	0.002241	2.8
455	-0.084312	4.599935	302.261734	0.002912	3.3
456	-0.188761	4.610044	302.142414	0.003956	3.5
457	-0.259595	4.620154	302.023188	0.006207	3.0
458	-0.026079	4.630264	301.904056	0.001666	3.3
459	-0.102496	4.640373	301.785019	0.002625	3.2
460	-0.257000	4.650483	301.666075	0.004157	5.7
461	-0.000000	4.660593	301.547224	0.000000	2.8
462	-0.262757	4.670703	301.428468	0.005801	2.8
463	-0.233500	4.680812	301.309805	0.009250	2.9
464	-0.213402	4.690922	301.191235	0.004642	2.8
465	-0.261963	4.701032	301.072759	0.004947	3.9
466	-0.108124	4.711142	300.954375	0.002765	2.9
467	-0.166279	4.721251	300.836085	0.003567	2.9
468	-0.085527	4.731361	300.717888	0.003264	2.8
469	-0.096027	4.741471	300.599783	0.002714	3.1
470	-0.038104	4.751581	300.481772	0.002629	4.4
471	-0.217005	4.761690	300.363853	0.006428	2.9
472	-0.150431	4.771800	300.246026	0.002957	3.2
473	-0.247789	4.781910	300.128292	0.005028	3.2
474	-0.008684	4.792020	300.010650	0.001162	3.3
475	-0.030222	4.802129	299.893100	0.002446	4.1
476	-0.092606	4.812239	299.775643	0.006785	3.4
477	-0.048396	4.822349	299.658277	0.002679	2.9
478	-0.017579	4.832459	299.541004	0.001413	3.2
479	-0.035764	4.842568	299.423822	0.002489	6.1
480	-0.200059	4.852678	299.306731	0.005037	4.7
481	-0.073504	4.862788	299.189732	0.002421	3.1
482	-0.063254	4.872898	299.072825	0.002731	3.3
483	-0.145332	4.883007	298.956009	0.007461	4.2
484	-0.162268	4.893117	298.839284	0.003316	3.3
485	-0.240618	4.903227	298.722650	0.006544	3.3
486	-0.196066	4.913337	298.606108	0.005258	3.5
487	-0.154598	4.923446	298.489656	0.002998	7.1
488	-0.026687	4.933556	298.373295	0.001760	3.6
489	-0.060910	4.943666	298.257025	0.003605	3.3
490	-0.127987	4.953776	298.140845	0.002928	3.2
491	-0.195989	4.963885	298.024756	0.005583	3.6
492	-0.033106	4.973995	297.908757	0.001543	3.8
493	-0.182670	4.984105	297.792848	0.005866	3.4
494	-0.076381	4.994215	297.677030	0.003829	3.1
495	-0.068526	5.004324	297.561301	0.003896	3.0
496	-0.037419	5.014434	297.445663	0.002169	4.7
497	-0.074199	5.024544	297.330114	0.002467	3.0
498	-0.288641	5.034654	297.214655	0.004792	2.9
499	-0.223588	5.044763	297.099286	0.006157	3.1
500	-0.002586	5.054873	296.984006	0.001398	2.9
501	-0.215453	5.064983	296.868816	0.007011	3.8
502	-0.018591	5.075093	296.753715	0.002723	2.8
503	-0.201753	5.085202	296.638703	0.006236	3.1
504	-0.135314	5.095312	296.523781	0.004451	2.8
505	-0.008919	5.105422	296.408947	0.000753	2.8
506	-0.197017	5.115532	296.294202	0.003331	5.7
507	-0.132429	5.125641	296.179546	0.004408	3.2
508	-0.165586	5.135751	296.064979	0.004783	3.4
509	-0.188937	5.145861	295.950501	0.004006	3.1
510	-0.044315	5.155971	295.836111	0.001711	3.6
511	-0.017492	5.166080	295.721809	0.001529	3.8
512	-0.027010	5.176190	295.607595	0.003082	3.5
513	-0.001575	5.186300	295.493470	0.003559	3.2
514	-0.088166	5.196410	295.379433	0.003939	2.8
515	-0.133425	5.206519	295.265484	0.003053	5.7
516	-0.113256	5.216629	295.151623	0.003999	3.2
517	-0.158605	5.226739	295.037849	0.003986	2.8
518	-0.053745	5.236849	294.924163	0.002772	3.2
519	-0.020240	5.246958	294.810565	0.001619	3.9
520	-0.028134	5.257068	294.697054	0.001956	3.4
521	-0.021562	5.267178	294.583631	0.001986	3.1
522	-0.016720	5.277287	294.470295	0.001651	2.9
523	-0.009510	5.287397	294.357046	0.001133	3.1
524	-0.226490	5.297507	294.243884	0.005578	7.9
525	-0.064645	5.307617	294.130809	0.003041	3.6
526	-0.021623	5.317726	294.017821	0.002162	3.3
527	-0.056844	5.327836	293.904920	0.002703	3.7
528	-0.125861	5.337946	293.792105	0.003686	3.7
529	-0.011973	5.348056	293.679377	0.003049	3.2
530	-0.167137	5.358165	293.566736	0.003507	3.2
531	-0.042057	5.368275	293.454180	0.003639	2.9
532	-0.145407	5.378385	293.341712	0.003247	3.4
533	-0.099803	5.388495	293.229329	0.002674	4.1
534	-0.090576	5.398604	293.117032	0.001698	3.3
535	-0.196138	5.408714	293.004822	0.003921	3.1
536	-0.055717	5.418824	292.892697	0.002546	2.8
537	-0.070566	5.428934	292.780658	0.003747	3.6
538	-0.072558	5.439043	292.668705	0.002599	3.3
539	-0.241300	5.449153	292.556837	0.005559	3.0
540	-0.113209	5.459263	292.445055	0.003558	2.8
541	-0.120712	5.469373	292.333358	0.003178	3.1
542	-0.290464	5.479482	292.221746	0.009283	5.0
543	-0.172369	5.489592	292.110220	0.005523	3.5
544	-0.242620	5.499702	291.998779	0.003314	3.4
545	-0.085895	5.509812	291.887422	0.002676	3.4
546	-0.246151	5.519921	291.776151	0.005426	3.3
547	-0.245299	5.530031	291.664964	0.003959	4.3
548	-0.028160	5.540141	291.553863	0.001567	3.6
549	-0.062354	5.550251	291.442845	0.005020	3.7
550	-0.111875	5.560360	291.331913	0.003640	3.4
551	-0.016817	5.570470	291.221064	0.001316	7.9
552	-0.105099	5.580580	291.110300	0.002711	3.2
553	-0.048236	5.590690	290.999621	0.002752	3.6
554	-0.122970	5.600799	290.889025	0.003802	4.0
555	-0.015261	5.610909	290.778513	0.001652	3.7
556	-0.128443	5.621019	290.668086	0.002806	3.2
557	-0.068083	5.631129	290.557742	0.001771	3.3
558	-0.084458	5.641238	290.447482	0.002571	3.2
559	-0.037987	5.651348	290.337305	0.003036	6.4
560	-0.195975	5.661458	290.227212	0.006047	3.4
561	-0.111737	5.671568	290.117203	0.002795	3.5
562	-0.003767	5.681677	290.007277	0.001248	3.0
563	-0.135670	5.691787	289.897434	0.004961	3.8
564	-0.021361	5.701897	289.787675	0.003213	3.5
565	-0.028033	5.712007	289.677998	0.001599	3.4
566	-0.012722	5.722116	289.568405	0.001873	3.4
567	-0.097011	5.732226	289.458894	0.003948	3.7
568	-0.051633	5.742336	289.349466	0.002254	4.6
569	-0.247271	5.752446	289.240121	0.006520	3.3
570	-0.118049	5.762555	289.130858	0.003649	3.0
571	-0.104529	5.772665	289.021678	0.004206	3.2
572	-0.028931	5.782775	288.912581	0.001951	4.1
573	-0.076194	5.792885	288.803566	0.002079	3.4
574	-0.011542	5.802994	288.694633	0.002883	3.3
575	-0.100616	5.813104	288.585782	0.004076	3.1
576	-0.179019	5.823214	288.477013	0.004655	3.6
577	-0.050551	5.833324	288.368326	0.002689	5.6
578	-0.006254	5.843433	288.259721	0.001924	3.3
579	-0.060905	5.853543	288.151198	0.003872	3.3
580	-0.064783	5.863653	288.042756	0.002201	2.9
581	-0.112076	5.873763	287.934396	0.004097	4.1
582	-0.000564	5.883872	287.826118	0.000073	3.7
583	-0.238031	5.893982	287.717921	0.009269	3.2
584	-0.272169	5.904092	287.609805	0.005349	3.1
585	-0.004178	5.914202	287.501771	0.000294	2.9
586	-0.218354	5.924311	287.393817	0.005210	5.1
587	-0.207392	5.934421	287.285945	0.005882	3.2
588	-0.029849	5.944531	287.178154	0.002127	3.6
589	-0.064710	5.954640	287.070443	0.002723	3.0
590	-0.061214	5.964750	286.962813	0.001968	3.8
591	-0.290239	5.974860	286.855264	0.004771	2.8
592	-0.002490	5.984970	286.747796	0.000604	2.8
593	-0.042946	5.995079	286.640408	0.002605	2.8
594	-0.237425	6.005189	286.533100	0.006272	2.8
595	-0.249022	6.015299	286.425873	0.008073	7.0
596	-0.011229	6.025409	286.318726	0.002093	3.0
597	-0.072482	6.035518	286.211659	0.003433	2.9
598	-0.094965	6.045628	286.104672	0.002781	3.2
599	-0.013015	6.055738	285.997765	0.002689	3.5
600	-0.103844	6.065848	285.890938	0.003168	3.6
601	-0.167535	6.075957	285.784191	0.004260	3.0
602	-0.137195	6.086067	285.677523	0.003547	3.2
603	-0.167417	6.096177	285.570935	0.002841	2.9
604	-0.115261	6.106287	285.464427	0.002572	5.1
605	-0.108281	6.116396	285.357998	0.003768	3.4
606	-0.126608	6.126506	285.251648	0.003467	2.9
607	-0.012885	6.136616	285.145378	0.000953	2.8
608	-0.029373	6.146726	285.039186	0.002686	3.1
609	-0.266291	6.156835	284.933074	0.007001	4.0
610	-0.072189	6.166945	284.827041	0.002844	3.0
611	-0.047470	6.177055	284.721086	0.002679	3.1
612	-0.190730	6.187165	284.615211	0.003650	3.3
613	-0.129191	6.197274	284.509414	0.003056	3.2
614	-0.156547	6.207384	284.403695	0.004996	4.6
615	-0.118838	6.217494	284.298056	0.003081	3.4
616	-0.305523	6.227604	284.192494	0.006039	3.4
617	-0.003506	6.237713	284.087011	0.000639	3.4
618	-0.243103	6.247823	283.981607	0.004089	3.8
619	-0.173907	6.257933	283.876280	0.003571	3.4
620	-0.062689	6.268043	283.771032	0.002579	3.1
621	-0.176802	6.278152	283.665862	0.002595	2.9
622	-0.185410	6.288262	283.560769	0.005772	2.8
623	-0.171174	6.298372	283.455755	0.003670	7.4
624	-0.060464	6.308482	283.350818	0.003182	2.9
625	-0.015758	6.318591	283.245959	0.001692	3.0
626	-0.254081	6.328701	283.141177	0.004649	3.2
627	-0.146819	6.338811	283.036473	0.005550	3.9
628	-0.065757	6.348921	282.931846	0.002645	3.0
629	-0.309547	6.359030	282.827297	0.004969	3.2
630	-0.104870	6.369140	282.722825	0.003079	3.1
631	-0.101017	6.379250	282.618430	0.003633	2.9
632	-0.014706	6.389360	282.514112	0.001382	6.7
633	-0.212348	6.399469	282.409871	0.004648	3.0
634	-0.162252	6.409579	282.305707	0.004249	3.2
635	-0.169468	6.419689	282.201620	0.004777	3.2
636	-0.297969	6.429799	282.097609	0.004388	3.8
637	-0.200698	6.439908	281.993675	0.006291	3.7
638	-0.019730	6.450018	281.889818	0.002000	3.4
639	-0.098628	6.460128	281.786037	0.002179	3.1
640	-0.116942	6.470238	281.682333	0.005062	2.9
641	-0.010273	6.480347	281.578705	0.001865	5.0
642	-0.078847	6.490457	281.475153	0.002441	3.2
643	-0.001747	6.500567	281.371677	0.000543	3.3
644	-0.247330	6.510677	281.268277	0.004407	2.8
645	-0.036240	6.520786	281.164953	0.002030	3.2
646	-0.236279	6.530896	281.061706	0.005067	3.4
647	-0.080657	6.541006	280.958534	0.002543	2.8
648	-0.275200	6.551116	280.855437	0.004266	3.1
649	-0.001999	6.561225	280.752416	0.000884	3.3
650	-0.239317	6.571335	280.649471	0.005450	5.9
651	-0.051446	6.581445	280.546602	0.001581	3.4
652	-0.152067	6.591554	280.443807	0.004796	3.1
653	-0.086215	6.601664	280.341088	0.002732	2.9
654	-0.009621	6.611774	280.238444	0.001605	3.0
655	-0.001241	6.621884	280.135876	0.000067	3.8
656	-0.105784	6.631993	280.033382	0.002682	3.3
657	-0.108291	6.642103	279.930964	0.002939	3.2
658	-0.208912	6.652213	279.828620	0.003839	2.8
659	-0.143796	6.662323	279.726351	0.003101	3.0
660	-0.171111	6.672432	279.624157	0.002955	6.7
661	-0.106478	6.682542	279.522037	0.004784	2.8
662	-0.211078	6.692652	279.419992	0.004002	2.8
663	-0.289777	6.702762	279.318022	0.006738	2.7
664	-0.271840	6.712871	279.216125	0.005482	3.9
665	-0.041308	6.722981	279.114304	0.003379	3.0
666	-0.021768	6.733091	279.012556	0.001728	3.1
667	-0.239181	6.743201	278.910883	0.003941	2.9
668	-0.122405	6.753310	278.809283	0.002559	3.0
669	-0.087933	6.763420	278.707758	0.004919	6.7
670	-0.278674	6.773530	278.606307	0.011327	5.3
671	-0.134229	6.783640	278.504929	0.004191	3.9
672	-0.048471	6.793749	278.403625	0.002317	4.4
673	-0.066731	6.803859	278.302395	0.002374	4.3
674	-0.190083	6.813969	278.201238	0.004013	3.8
675	-0.159707	6.824079	278.100155	0.004152	3.2
676	-0.115110	6.834188	277.999145	0.004611	5.7
677	-0.136299	6.844298	277.898209	0.002485	3.8
678	-0.271721	6.854408	277.797346	0.004884	3.1
679	-0.000147	6.864518	277.696556	0.000494	3.4
680	-0.267643	6.874627	277.595840	0.005305	3.8
681	-0.152518	6.884737	277.495196	0.004614	3.5
682	-0.185638	6.894847	277.394625	0.003803	3.0
683	-0.014285	6.904957	277.294127	0.000908	3.1
684	-0.242473	6.915066	277.193702	0.006063	2.8
685	-0.009508	6.925176	277.093350	0.001053	4.4
686	-0.081738	6.935286	276.993070	0.002992	3.6
687	-0.027725	6.945396	276.892863	0.002618	2.9
688	-0.088644	6.955505	276.792728	0.003533	3.3
689	-0.138221	6.965615	276.692666	0.003625	3.1
690	-0.153168	6.975725	276.592676	0.004266	4.1
691	-0.058729	6.985835	276.492758	0.002954	3.7
692	-0.271350	6.995944	276.392912	0.006507	3.0
693	-0.150418	7.006054	276.293139	0.002940	2.9
694	-0.191925	7.016164	276.193437	0.003946	3.0
695	-0.195904	7.026274	276.093808	0.003763	7.2
696	-0.111885	7.036383	275.994250	0.003416	3.3
697	-0.004956	7.046493	275.894764	0.000434	3.2
698	-0.004061	7.056603	275.795350	0.001201	3.5
699	-0.238431	7.066713	275.696007	0.004334	3.3
700	-0.278351	7.076822	275.596736	0.004432	2.8
701	-0.059089	7.086932	275.497537	0.001947	2.9
702	-0.012922	7.097042	275.398408	0.001672	2.8
703	-0.013266	7.107152	275.299351	0.001417	2.8
704	-0.283977	7.117261	275.200366	0.004257	5.6
705	-0.163768	7.127371	275.101451	0.005634	2.9
706	-0.000822	7.137481	275.002608	0.000228	3.0
707	-0.081933	7.147591	274.903835	0.003001	2.9
708	-0.255261	7.157700	274.805134	0.004352	3.4
709	-0.010360	7.167810	274.706503	0.001514	3.5
710	-0.010086	7.177920	274.607943	0.002098	3.4
711	-0.054378	7.188030	274.509454	0.004049	3.1
712	-0.004195	7.198139	274.411035	0.000950	2.9
713	-0.073203	7.208249	274.312687	0.003885	4.7
714	-0.056535	7.218359	274.214410	0.001991	3.5
715	-0.104811	7.228469	274.116203	0.002554	3.3
716	-0.232286	7.238578	274.018066	0.004962	2.8
717	-0.014553	7.248688	273.919999	0.001639	2.8
718	-0.221107	7.258798	273.822003	0.004638	4.1
719	-0.175193	7.268907	273.724076	0.005821	2.9
720	-0.166199	7.279017	273.626220	0.004650	3.0
721	-0.167688	7.289127	273.528434	0.002970	3.1
722	-0.213161	7.299237	273.430717	0.004701	2.8
723	-0.061731	7.309346	273.333070	0.003226	6.4
724	-0.259033	7.319456	273.235493	0.005679	2.8
725	-0.202654	7.329566	273.137986	0.003286	3.0
726	-0.023416	7.339676	273.040548	0.001398	3.0
727	-0.213455	7.349785	272.943180	0.003573	3.4
728	-0.027104	7.359895	272.845881	0.002574	3.6
729	-0.071092	7.370005	272.748651	0.003578	3.6
730	-0.006050	7.380115	272.651491	0.000762	3.7
731	-0.012499	7.390224	272.554400	0.001512	3.1
732	-0.242855	7.400334	272.457378	0.004119	6.5
733	-0.021726	7.410444	272.360425	0.003542	2.9
734	-0.044974	7.420554	272.263541	0.002500	3.0
735	-0.074067	7.430663	272.166726	0.002474	3.0
736	-0.041507	7.440773	272.069980	0.001863	3.8
737	-0.015465	7.450883	271.973303	0.000975	3.0
738	-0.149101	7.460993	271.876694	0.003547	3.0
739	-0.167326	7.471102	271.780154	0.003960	2.8
740	-0.071144	7.481212	271.683682	0.001727	2.8
741	-0.204043	7.491322	271.587279	0.003635	5.6
742	-0.138483	7.501432	271.490944	0.004019	4.0
743	-0.074279	7.511541	271.394678	0.004340	2.9
744	-0.031671	7.521651	271.298480	0.002562	2.9
745	-0.166558	7.531761	271.202350	0.005265	3.6
746	-0.181113	7.541871	271.106288	0.005611	3.9
747	-0.178938	7.551980	271.010294	0.005354	3.3
748	-0.083919	7.562090	270.914368	0.002489	3.2
749	-0.007241	7.572200	270.818510	0.001771	2.9
750	-0.035062	7.582310	270.722720	0.001702	6.1
751	-0.044713	7.592419	270.626997	0.003841	3.1
752	-0.024597	7.602529	270.531342	0.002339	2.9
753	-0.045929	7.612639	270.435755	0.002526	2.8
754	-0.131403	7.622749	270.340235	0.003863	3.0
755	-0.114226	7.632858	270.244783	0.003736	3.7
756	-0.047603	7.642968	270.149398	0.002643	3.3
757	-0.082925	7.653078	270.054081	0.003772	3.2
758	-0.223309	7.663188	269.958830	0.005801	2.9
759	-0.066453	7.673297	269.863647	0.002818	3.3
760	-0.220105	7.683407	269.768531	0.004310	4.2
761	-0.228552	7.693517	269.673482	0.005152	2.9
762	-0.277653	7.703627	269.578500	0.004077	2.8
763	-0.010235	7.713736	269.483585	0.001443	3.1
764	-0.048637	7.723846	269.388736	0.003365	3.2
765	-0.096284	7.733956	269.293955	0.003732	3.6
766	-0.091865	7.744066	269.199240	0.004737	3.2
767	-0.079252	7.754175	269.104591	0.003231	3.0
768	-0.027938	7.764285	269.010009	0.001792	3.3
769	-0.193455	7.774395	268.915494	0.006857	8.7
770	-0.144077	7.784505	268.821045	0.002371	3.0
771	-0.271460	7.794614	268.726662	0.007339	2.9
772	-0.141085	7.804724	268.632346	0.003761	2.8
773	-0.044736	7.814834	268.538096	0.001944	3.9
774	-0.205908	7.824944	268.443912	0.003855	3.0
775	-0.195855	7.835053	268.349794	0.003522	3.0
776	-0.074036	7.845163	268.255741	0.003382	2.8
777	-0.092402	7.855273	268.161755	0.003576	3.0
778	-0.067320	7.865383	268.067835	0.005073	5.0
779	-0.227392	7.875492	267.973980	0.005704	2.9
780	-0.269213	7.885602	267.880191	0.008257	2.7
781	-0.105484	7.895712	267.786468	0.004324	2.9
782	-0.222498	7.905822	267.692810	0.005589	2.8
783	-0.013326	7.915931	267.599218	0.001782	3.9
784	-0.254480	7.926041	267.505691	0.003375	3.7
785	-0.054234	7.936151	267.412230	0.002093	3.5
786	-0.298161	7.946260	267.318834	0.009313	2.9
787	-0.011286	7.956370	267.225503	0.000745	4.8
788	-0.033138	7.966480	267.132237	0.002277	3.7
789	-0.113757	7.976590	267.039036	0.002556	2.8
790	-0.015736	7.986699	266.945901	0.001423	3.2
791	-0.057037	7.996809	266.852830	0.002704	3.2
792	-0.214410	8.006919	266.759824	0.006153	3.9
793	-0.157775	8.017029	266.666883	0.004856	3.4
794	-0.030778	8.027138	266.574006	0.002916	3.0
795	-0.019170	8.037248	266.481195	0.001739	3.1
796	-0.124446	8.047358	266.388448	0.002515	3.0
797	-0.235507	8.057468	266.295765	0.004270	5.7
798	-0.232638	8.067577	266.203147	0.005432	3.0
799	-0.072307	8.077687	266.110593	0.003229	2.9
800	-0.091005	8.087797	266.018104	0.002446	2.9
801	-0.114840	8.097907	265.925679	0.005034	4.0
802	-0.216620	8.108016	265.833318	0.004078	3.8
803	-0.086753	8.118126	265.741022	0.002753	3.5
804	-0.013428	8.128236	265.648789	0.003763	3.0
805	-0.161291	8.138346	265.556620	0.012390	3.1
806	-0.191103	8.148455	265.464516	0.003898	7.1
807	-0.003797	8.158565	265.372475	0.001199	3.0
808	-0.034652	8.168675	265.280498	0.001924	3.2
809	-0.292805	8.178785	265.188584	0.004277	3.0
810	-0.136292	8.188894	265.096735	0.003504	3.9
811	-0.216943	8.199004	265.004949	0.007888	3.3
812	-0.069432	8.209114	264.913226	0.002687	3.3
813	-0.240738	8.219224	264.821567	0.004388	2.9
814	-0.154387	8.229333	264.729972	0.003054	2.9
815	-0.014873	8.239443	264.638439	0.002577	7.4
816	-0.055763	8.249553	264.546970	0.002229	3.0
817	-0.107029	8.259663	264.455564	0.002384	2.9
818	-0.087642	8.269772	264.364222	0.002766	2.8
819	-0.058503	8.279882	264.272942	0.003655	4.0
820	-0.051979	8.289992	264.181726	0.002542	3.7
821	-0.245798	8.300102	264.090572	0.006010	3.1
822	-0.115222	8.310211	263.999481	0.002578	3.1
823	-0.055432	8.320321	263.908453	0.002481	3.4
824	-0.067948	8.330431	263.817488	0.003124	4.1
825	-0.056504	8.340541	263.726586	0.003574	3.2
826	-0.051688	8.350650	263.635746	0.003238	2.9
827	-0.063771	8.360760	263.544969	0.001745	2.9
828	-0.038634	8.370870	263.454254	0.002927	3.7
829	-0.245172	8.380980	263.363601	0.004968	3.9
830	-0.117711	8.391089	263.273011	0.003543	3.1
831	-0.229894	8.401199	263.182484	0.006522	3.4
832	-0.019773	8.411309	263.092018	0.001779	3.2
833	-0.008801	8.421419	263.001615	0.001706	4.4
834	-0.010760	8.431528	262.911274	0.001802	3.2
835	-0.009605	8.441638	262.820995	0.002596	2.9
836	-0.009275	8.451748	262.730777	0.001732	3.0
837	-0.242021	8.461858	262.640622	0.004665	3.0
838	-0.074619	8.471967	262.550529	0.002995	3.8
839	-0.066847	8.482077	262.460497	0.002876	4.0
840	-0.249347	8.492187	262.370527	0.007997	3.3
841	-0.153991	8.502297	262.280619	0.003697	3.0
842	-0.017775	8.512406	262.190772	0.001826	7.7
843	-0.023179	8.522516	262.100987	0.003895	3.3
844	-0.101150	8.532626	262.011264	0.003999	2.8
845	-0.024701	8.542736	261.921601	0.002206	3.2
846	-0.227219	8.552845	261.832000	0.007627	3.4
847	-0.007076	8.562955	261.742461	0.001279	3.3
848	-0.123235	8.573065	261.652982	0.002531	2.8
849	-0.166507	8.583174	261.563565	0.004782	2.9
850	-0.181021	8.593284	261.474209	0.005887	2.9
851	-0.214706	8.603394	261.384914	0.004140	5.4
852	-0.256977	8.613504	261.295680	0.003426	3.7
853	-0.139421	8.623613	261.206507	0.003928	3.0
854	-0.241341	8.633723	261.117394	0.004685	3.1
855	-0.137728	8.643833	261.028343	0.003976	2.8
856	-0.232359	8.653943	260.939352	0.006425	3.8
857	-0.186306	8.664052	260.850422	0.003952	3.8
858	-0.244486	8.674162	260.761552	0.008151	3.0
859	-0.012731	8.684272	260.672743	0.002438	2.9
860	-0.189878	8.694382	260.583994	0.004465	3.8
861	-0.004151	8.704491	260.495306	0.000584	4.0
862	-0.118060	8.714601	260.406678	0.004019	2.9
863	-0.289003	8.724711	260.318111	0.006540	3.3
864	-0.115467	8.734821	260.229603	0.003170	3.1
865	-0.178720	8.744930	260.141156	0.004676	3.7
866	-0.086577	8.755040	260.052769	0.005078	3.5
867	-0.010197	8.765150	259.964442	0.000845	3.4
868	-0.008065	8.775260	259.876175	0.001240	2.9
869	-0.009589	8.785369	259.787968	0.000888	2.9
870	-0.015199	8.795479	259.699821	0.000969	6.5
871	-0.161261	8.805589	259.611733	0.004777	3.0
872	-0.048724	8.815699	259.523705	0.001675	3.0
873	-0.047013	8.825808	259.435737	0.001770	3.2
874	-0.169196	8.835918	259.347829	0.006286	3.4
875	-0.000002	8.846028	259.259980	0.000008	3.3
876	-0.146366	8.856138	259.172191	0.004442	3.6
877	-0.013459	8.866247	259.084461	0.001658	3.3
878	-0.128361	8.876357	258.996790	0.004616	2.9
879	-0.080867	8.886467	258.909179	0.003247	5.3
880	-0.213627	8.896577	258.821627	0.005758	3.3
881	-0.077730	8.906686	258.734134	0.003325	2.9
882	-0.163893	8.916796	258.646700	0.004912	2.9
883	-0.156447	8.926906	258.559325	0.004614	3.1
884	-0.094502	8.937016	258.472010	0.002701	3.6
885	-0.058895	8.947125	258.384753	0.002283	2.8
886	-0.240751	8.957235	258.297555	0.005129	2.9
887	-0.007432	8.967345	258.210416	0.002347	2.7
888	-0.246852	8.977455	258.123336	0.005885	2.7
889	-0.002251	8.987564	258.036315	0.000368	7.2
890	-0.134567	8.997674	257.949352	0.003356	2.7
891	-0.015362	9.007784	257.862448	0.001105	3.1
892	-0.099532	9.017894	257.775602	0.008282	2.8
893	-0.043100	9.028003	257.688815	0.002673	3.5
894	-0.020681	9.038113	257.602086	0.001795	3.3
895	-0.161185	9.048223	257.515416	0.005374	3.2
896	-0.042754	9.058333	257.428804	0.003080	2.9
897	-0.022260	9.068442	257.342250	0.001552	3.0
898	-0.018338	9.078552	257.255754	0.003186	4.3
899	-0.307788	9.088662	257.169317	0.010896	2.9
900	-0.053245	9.098772	257.082937	0.001673	2.7
901	-0.075937	9.108881	256.996616	0.002962	2.8
902	-0.041575	9.118991	256.910352	0.002091	3.1
903	-0.023239	9.129101	256.824146	0.003009	3.5
904	-0.006695	9.139211	256.737999	0.001598	3.0
905	-0.077584	9.149320	256.651909	0.003847	3.2
906	-0.090774	9.159430	256.565876	0.003117	2.9
907	-0.292237	9.169540	256.479902	0.004622	2.8
908	-0.130343	9.179650	256.393985	0.003571	4.5
909	-0.016645	9.189759	256.308125	0.002781	3.3
910	-0.046396	9.199869	256.222323	0.002897	3.0
911	-0.032684	9.209979	256.136578	0.001687	3.1
912	-0.015895	9.220089	256.050891	0.004017	2.8
913	-0.182574	9.230198	255.965261	0.004970	3.6
914	-0.012138	9.240308	255.879689	0.000826	3.4
915	-0.018945	9.250418	255.794173	0.002096	3.2
916	-0.133756	9.260527	255.708715	0.002917	3.2
917	-0.167956	9.270637	255.623314	0.003855	3.1
918	-0.000101	9.280747	255.537969	0.000236	6.7
919	-0.148840	9.290857	255.452682	0.003571	3.0
920	-0.015544	9.300966	255.367452	0.001322	3.1
921	-0.218916	9.311076	255.282278	0.004294	2.9
922	-0.092824	9.321186	255.197162	0.002746	3.5
923	-0.114643	9.331296	255.112102	0.003284	3.6
924	-0.188153	9.341405	255.027098	0.004407	3.4
925	-0.062294	9.351515	254.942152	0.002014	3.0
926	-0.000582	9.361625	254.857262	0.000001	2.8
927	-0.194890	9.371735	254.772428	0.003405	5.5
928	-0.023192	9.381844	254.687651	0.002071	2.8
929	-0.302802	9.391954	254.602930	0.005864	2.7
930	-0.094119	9.402064	254.518266	0.003797	3.1
931	-0.087188	9.412174	254.433658	0.003650	3.1
932	-0.075360	9.422283	254.349106	0.004136	3.5
933	-0.185617	9.432393	254.264610	0.003653	2.8
934	-0.013292	9.442503	254.180171	0.001783	3.0
935	-0.172306	9.452613	254.095787	0.003989	3.0
936	-0.174121	9.462722	254.011460	0.004832	3.2
937	-0.178516	9.472832	253.927188	0.003757	4.5
938	-0.098284	9.482942	253.842973	0.002626	2.8
939	-0.066483	9.493052	253.758813	0.002176	3.2
940	-0.209990	9.503161	253.674709	0.005728	3.1
941	-0.224909	9.513271	253.590661	0.005674	2.9
942	-0.201656	9.523381	253.506668	0.004633	3.5
943	-0.241547	9.533491	253.422731	0.006060	2.8
944	-0.324698	9.543600	253.338850	0.006994	3.0
945	-0.162583	9.553710	253.255024	0.003524	3.1
946	-0.254642	9.563820	253.171254	0.005217	2.9
947	-0.051194	9.573930	253.087539	0.002686	6.0
948	-0.207176	9.584039	253.003879	0.009138	2.9
949	-0.032718	9.594149	252.920275	0.002502	3.2
950	-0.257157	9.604259	252.836725	0.006778	3.5
951	-0.207090	9.614369	252.753231	0.004444	3.8
952	-0.018878	9.624478	252.669793	0.003607	3.7
953	-0.188670	9.634588	252.586409	0.003201	3.7
954	-0.059257	9.644698	252.503080	0.003644	3.2
955	-0.194585	9.654808	252.419806	0.005924	3.3
956	-0.160190	9.664917	252.336587	0.003794	6.5
957	-0.015436	9.675027	252.253423	0.001883	3.2
958	-0.036476	9.685137	252.170314	0.002520	3.3
959	-0.132687	9.695247	252.087260	0.002908	3.6
960	-0.001196	9.705356	252.004260	0.000148	3.9
961	-0.071229	9.715466	251.921315	0.002629	3.2
962	-0.028895	9.725576	251.838424	0.002748	3.1
963	-0.005131	9.735686	251.755588	0.001561	3.1
964	-0.173534	9.745795	251.672807	0.005257	5.1
965	-0.040390	9.755905	251.590079	0.003247	6.0
966	-0.187584	9.766015	251.507407	0.003816	3.3
967	-0.016937	9.776125	251.424788	0.002094	3.4
968	-0.106797	9.786234	251.342224	0.003395	3.9
969	-0.135258	9.796344	251.259714	0.003924	3.3
970	-0.216992	9.806454	251.177258	0.005182	3.1
971	-0.112932	9.816564	251.094856	0.003634	3.1
972	-0.340986	9.826673	251.012509	0.008728	3.3
973	-0.172182	9.836783	250.930215	0.003713	3.8
974	-0.247297	9.846893	250.847975	0.009227	2.9
975	-0.096416	9.857003	250.765789	0.002941	2.8
976	-0.277545	9.867112	250.683657	0.006124	3.0
977	-0.058340	9.877222	250.601579	0.002911	2.9
978	-0.096575	9.887332	250.519555	0.002673	3.7
979	-0.027349	9.897441	250.437584	0.001546	2.9
980	-0.197659	9.907551	250.355667	0.003382	3.0
981	-0.059378	9.917661	250.273803	0.002426	3.2
982	-0.006380	9.927771	250.191993	0.001230	2.9
983	-0.196051	9.937880	250.110236	0.003799	4.3
984	-0.036812	9.947990	250.028533	0.003448	3.3
985	-0.022854	9.958100	249.946883	0.002582	3.2
986	-0.006200	9.968210	249.865286	0.001704	3.1
987	-0.150128	9.978319	249.783743	0.004292	3.0
988	-0.164987	9.988429	249.702253	0.004120	3.9
989	-0.050385	9.998539	249.620816	0.004176	2.9
990	-0.051065	10.008649	249.539432	0.003097	2.9
991	-0.029358	10.018758	249.458101	0.001863	3.1
992	-0.105828	10.028868	249.376824	0.004200	3.1
993	-0.064517	10.038978	249.295599	0.003825	6.3
994	-0.014010	10.049088	249.214427	0.002712	3.1
995	-0.079758	10.059197	249.133308	0.002207	2.8
996	-0.008789	10.069307	249.052241	0.001436	2.9
997	-0.078065	10.079417	248.971228	0.003631	3.6
998	-0.024540	10.089527	248.890267	0.001347	2.9
999	-0.169313	10.099636	248.809359	0.004650	2.8
1000	-0.129740	10.109746	248.728503	0.003402	2.8
1001	-0.176217	10.119856	248.647700	0.005920	3.2
1002	-0.263198	10.129966	248.566949	0.005703	6.0
1003	-0.048815	10.140075	248.486251	0.001765	3.1
1004	-0.012099	10.150185	248.405605	0.001849	2.8
1005	-0.091569	10.160295	248.325012	0.003405	2.9
1006	-0.119960	10.170405	248.244470	0.003409	2.9
1007	-0.074871	10.180514	248.163981	0.001838	3.6
1008	-0.255571	10.190624	248.083545	0.006167	2.9
1009	-0.014508	10.200734	248.003160	0.001692	2.9
1010	-0.191364	10.210844	247.922827	0.003200	2.9
1011	-0.008646	10.220953	247.842547	0.002010	3.0
1012	-0.150067	10.231063	247.762318	0.009841	4.2
1013	-0.029280	10.241173	247.682141	0.001489	3.2
1014	-0.340817	10.251283	247.602016	0.009680	3.2
1015	-0.000000	10.261392	247.521943	0.000000	3.1
1016	-0.134071	10.271502	247.441922	0.003663	2.8
1017	-0.053419	10.281612	247.361953	0.002075	3.6
1018	-0.308726	10.291722	247.282035	0.004319	3.2
1019	-0.179932	10.301831	247.202169	0.003857	2.8
1020	-0.028800	10.311941	247.122354	0.002459	2.9
1021	-0.057264	10.322051	247.042591	0.001916	3.0
1022	-0.000008	10.332161	246.962879	0.000025	4.3
1023	-0.052146	10.342270	246.883219	0.002955	3.8
1024	-0.081017	10.352380	246.803610	0.002664	2.9
1025	-0.094669	10.362490	246.724053	0.003038	2.8
1026	-0.193589	10.372600	246.644547	0.005227	3.2
1027	-0.055528	10.382709	246.565091	0.002550	3.7
1028	-0.063241	10.392819	246.485688	0.003448	3.0
1029	-0.174799	10.402929	246.406335	0.004312	2.9
1030	-0.073074	10.413039	246.327033	0.002066	2.9
1031	-0.269641	10.423148	246.247783	0.006169	3.0
1032	-0.016536	10.433258	246.168583	0.001223	5.2
1033	-0.245524	10.443368	246.089434	0.008045	3.3
1034	-0.124389	10.453478	246.010337	0.004241	3.3
1035	-0.109348	10.463587	245.931290	0.002354	3.3
1036	-0.033755	10.473697	245.852293	0.001653	3.5
1037	-0.082992	10.483807	245.773348	0.003094	3.5
1038	-0.006545	10.493917	245.694453	0.000890	3.3
1039	-0.254334	10.504026	245.615609	0.006306	3.1
1040	-0.026423	10.514136	245.536815	0.001629	2.9
1041	-0.142565	10.524246	245.458072	0.005936	6.3
1042	-0.148009	10.534356	245.379380	0.004516	3.3
1043	-0.184773	10.544465	245.300738	0.002809	3.0
1044	-0.044302	10.554575	245.222146	0.003401	3.4
1045	-0.073061	10.564685	245.143605	0.003578	3.5
1046	-0.231380	10.574794	245.065113	0.005393	3.3
1047	-0.227108	10.584904	244.986673	0.006352	3.0
1048	-0.152167	10.595014	244.908282	0.004459	2.8
1049	-0.094906	10.605124	244.829941	0.002671	3.0
1050	-0.205149	10.615233	244.751651	0.003789	3.3
1051	-0.235085	10.625343	244.673411	0.005122	3.7
1052	-0.282220	10.635453	244.595220	0.004500	2.8
1053	-0.167455	10.645563	244.517080	0.004002	2.8
1054	-0.043942	10.655672	244.438990	0.003075	2.9
1055	-0.022555	10.665782	244.360949	0.002280	3.3
1056	-0.201172	10.675892	244.282958	0.003410	4.2
1057	-0.027525	10.686002	244.205017	0.003847	3.3
1058	-0.185775	10.696111	244.127126	0.003785	3.2
1059	-0.029063	10.706221	244.049284	0.002535	3.2
1060	-0.188089	10.716331	243.971492	0.005856	4.8
1061	-0.113887	10.726441	243.893750	0.004071	3.5
1062	-0.076600	10.736550	243.816057	0.002749	3.3
1063	-0.300144	10.746660	243.738414	0.006272	3.2
1064	-0.142824	10.756770	243.660820	0.002854	3.3
1065	-0.249108	10.766880	243.583275	0.005636	4.0
1066	-0.225527	10.776989	243.505780	0.005703	2.9
1067	-0.033036	10.787099	243.428334	0.002952	2.9
1068	-0.010663	10.797209	243.350937	0.001238	3.2
1069	-0.093210	10.807319	243.273590	0.003565	3.0
1070	-0.023405	10.817428	243.196292	0.001151	5.5
1071	-0.053218	10.827538	243.119042	0.001495	3.2
1072	-0.054883	10.837648	243.041842	0.003006	3.4
1073	-0.013549	10.847758	242.964691	0.001568	3.2
1074	-0.068439	10.857867	242.887589	0.003763	3.5
1075	-0.037422	10.867977	242.810536	0.001569	3.0
1076	-0.166845	10.878087	242.733531	0.005190	2.8
1077	-0.357585	10.888197	242.656576	0.009873	3.2
1078	-0.206295	10.898306	242.579669	0.006274	3.4
1079	-0.262184	10.908416	242.502811	0.004909	5.4
1080	-0.137758	10.918526	242.426001	0.004187	3.5
1081	-0.102541	10.928636	242.349241	0.005020	3.4
1082	-0.271435	10.938745	242.272528	0.005136	3.4
1083	-0.033478	10.948855	242.195865	0.002337	4.6
1084	-0.135473	10.958965	242.119250	0.004324	3.6
1085	-0.020368	10.969075	242.042683	0.001848	3.0
1086	-0.106094	10.979184	241.966165	0.004270	3.3
1087	-0.080564	10.989294	241.889695	0.002998	3.4
1088	-0.147135	10.999404	241.813274	0.004470	4.2
1089	-0.200264	11.009514	241.736900	0.004794	3.3
1090	-0.265667	11.019623	241.660575	0.004892	3.3
1091	-0.026237	11.029733	241.584298	0.001882	3.8
1092	-0.139577	11.039843	241.508070	0.003195	3.8
1093	-0.025780	11.049953	241.431889	0.002117	3.3
1094	-0.006464	11.060062	241.355757	0.000452	3.4
1095	-0.113490	11.070172	241.279672	0.003521	3.1
1096	-0.292826	11.080282	241.203635	0.005155	3.2
1097	-0.041919	11.090392	241.127647	0.002281	6.2
1098	-0.157877	11.100501	241.051706	0.005478	3.2
1099	-0.010448	11.110611	240.975813	0.001655	3.3
1100	-0.036494	11.120721	240.899968	0.001904	2.9
1101	-0.197907	11.130831	240.824170	0.004429	3.6
1102	-0.116178	11.140940	240.748420	0.004001	3.3
1103	-0.071808	11.151050	240.672718	0.002996	2.8
1104	-0.299844	11.161160	240.597063	0.005630	3.1
1105	-0.213801	11.171270	240.521456	0.005292	3.1
1106	-0.151357	11.181379	240.445897	0.004836	4.7
1107	-0.255017	11.191489	240.370385	0.006579	3.9
1108	-0.018100	11.201599	240.294920	0.003178	3.2
1109	-0.141855	11.211708	240.219503	0.004068	2.9
1110	-0.013029	11.221818	240.144133	0.002372	3.2
1111	-0.090739	11.231928	240.068810	0.003045	3.6
1112	-0.277424	11.242038	239.993534	0.003495	2.9
1113	-0.205249	11.252147	239.918306	0.007111	3.2
1114	-0.001893	11.262257	239.843125	0.000856	2.9
1115	-0.032920	11.272367	239.767991	0.000981	3.0
1116	-0.229270	11.282477	239.692904	0.003947	8.8
1117	-0.039565	11.292586	239.617864	0.003195	3.2
1118	-0.229664	11.302696	239.542871	0.006129	3.3
1119	-0.121467	11.312806	239.467925	0.003955	4.0
1120	-0.113713	11.322916	239.393026	0.002164	3.4
1121	-0.262940	11.333025	239.318173	0.005765	3.1
1122	-0.018617	11.343135	239.243368	0.002468	3.2
1123	-0.195036	11.353245	239.168609	0.002987	3.0
1124	-0.029753	11.363355	239.093897	0.001621	4.3
1125	-0.045231	11.373464	239.019232	0.002880	3.2
1126	-0.103127	11.383574	238.944613	0.003039	3.3
1127	-0.111251	11.393684	238.870041	0.003559	2.9
1128	-0.231802	11.403794	238.795515	0.003894	2.9
1129	-0.017406	11.413903	238.721036	0.001482	3.7
1130	-0.058486	11.424013	238.646603	0.002695	2.9
1131	-0.222615	11.434123	238.572216	0.004327	2.8
1132	-0.041597	11.444233	238.497876	0.003256	2.9
1133	-0.206929	11.454342	238.423583	0.005478	2.8
1134	-0.081540	11.464452	238.349335	0.002838	3.9
1135	-0.227381	11.474562	238.275134	0.004380	3.3
1136	-0.178298	11.484672	238.200979	0.003749	3.1
1137	-0.149421	11.494781	238.126870	0.004300	2.9
1138	-0.101090	11.504891	238.052808	0.002549	2.8
1139	-0.051141	11.515001	237.978791	0.002640	3.6
1140	-0.026716	11.525111	237.904820	0.002818	3.3
1141	-0.069685	11.535220	237.830895	0.002299	2.8
1142	-0.135988	11.545330	237.757017	0.003430	2.9
1143	-0.291095	11.555440	237.683184	0.005713	2.9
1144	-0.117048	11.565550	237.609397	0.002914	4.4
1145	-0.173707	11.575659	237.535655	0.005757	5.3
1146	-0.045140	11.585769	237.461960	0.002809	3.3
1147	-0.115254	11.595879	237.388310	0.002731	3.4
1148	-0.097168	11.605989	237.314706	0.002584	4.1
1149	-0.147979	11.616098	237.241147	0.005101	3.2
1150	-0.021040	11.626208	237.167634	0.001568	3.1
1151	-0.204908	11.636318	237.094167	0.003933	3.0
1152	-0.136950	11.646428	237.020745	0.004128	2.8
1153	-0.026298	11.656537	236.947369	0.001397	4.7
1154	-0.205565	11.666647	236.874038	0.004576	3.6
1155	-0.181680	11.676757	236.800752	0.004790	3.5
1156	-0.016533	11.686867	236.727512	0.001700	3.2
1157	-0.079221	11.696976	236.654317	0.003088	3.6
1158	-0.161187	11.707086	236.581167	0.003703	3.4
1159	-0.212314	11.717196	236.508063	0.004935	3.1
1160	-0.021720	11.727306	236.435003	0.001872	3.0
1161	-0.130810	11.737415	236.361989	0.002898	2.9
1162	-0.159611	11.747525	236.289020	0.005567	3.6
1163	-0.175689	11.757635	236.216096	0.003848	3.5
1164	-0.059647	11.767745	236.143217	0.002466	2.8
1165	-0.147183	11.777854	236.070382	0.005125	3.1
1166	-0.021386	11.787964	235.997593	0.001556	2.9
1167	-0.036138	11.798074	235.924849	0.002480	2.8
1168	-0.096287	11.808184	235.852149	0.003334	3.6
1169	-0.158451	11.818293	235.779494	0.003706	2.8
1170	-0.063676	11.828403	235.706884	0.003159	3.0
1171	-0.319905	11.838513	235.634319	0.006695	3.1
1172	-0.234674	11.848623	235.561798	0.004688	2.8
1173	-0.063510	11.858732	235.489322	0.002219	5.6
1174	-0.100175	11.868842	235.416891	0.004180	2.8
1175	-0.153933	11.878952	235.344504	0.005194	3.0
1176	-0.020536	11.889061	235.272162	0.002332	3.0
1177	-0.167733	11.899171	235.199864	0.004631	2.9
1178	-0.181066	11.909281	235.127610	0.005246	3.5
1179	-0.248390	11.919391	235.055401	0.004188	2.7
1180	-0.040401	11.929500	234.983236	0.001683	3.1
1181	-0.137224	11.939610	234.911116	0.002843	2.9
1182	-0.240728	11.949720	234.839040	0.004729	2.9
1183	-0.068343	11.959830	234.767008	0.002190	5.6
1184	-0.004850	11.969939	234.695020	0.001392	3.2
1185	-0.064391	11.980049	234.623076	0.001725	3.5
1186	-0.066195	11.990159	234.551176	0.003713	3.0
1187	-0.011576	12.000269	234.479321	0.002703	3.4
1188	-0.062126	12.010378	234.407509	0.004221	3.2
1189	-0.124897	12.020488	234.335742	0.002967	3.1
1190	-0.120482	12.030598	234.264018	0.003756	3.0
1191	-0.282427	12.040708	234.192338	0.005116	3.2
1192	-0.241252	12.050817	234.120702	0.006084	4.1
1193	-0.005399	12.060927	234.049110	0.000820	4.8
1194	-0.088636	12.071037	233.977562	0.005460	3.2
1195	-0.079145	12.081147	233.906057	0.004056	2.9
1196	-0.003006	12.091256	233.834597	0.000293	3.4
1197	-0.147730	12.101366	233.763179	0.003571	3.5
1198	-0.037000	12.111476	233.691806	0.003551	2.9
1199	-0.238056	12.121586	233.620476	0.003885	2.8
1200	-0.247339	12.131695	233.549189	0.005208	2.9
1201	-0.194911	12.141805	233.477946	0.004046	3.2
1202	-0.239403	12.151915	233.406746	0.007086	3.9
1203	-0.069420	12.162025	233.335590	0.002113	2.9
1204	-0.094879	12.172134	233.264477	0.002704	2.9
1205	-0.168754	12.182244	233.193408	0.003103	3.1
1206	-0.162519	12.192354	233.122382	0.004039	3.4
1207	-0.020865	12.202464	233.051399	0.002160	3.9
1208	-0.266615	12.212573	232.980459	0.004756	3.1
1209	-0.050173	12.222683	232.909563	0.002084	2.9
1210	-0.191794	12.232793	232.838709	0.005222	2.9
1211	-0.140656	12.242903	232.767899	0.004581	3.0
1212	-0.224466	12.253012	232.697132	0.005120	3.9
1213	-0.205765	12.263122	232.626407	0.003319	3.3
1214	-0.239202	12.273232	232.555726	0.007506	3.2
1215	-0.000576	12.283342	232.485088	0.000037	3.0
1216	-0.047738	12.293451	232.414492	0.002660	3.1
1217	-0.009659	12.303561	232.343940	0.001677	3.7
1218	-0.034571	12.313671	232.273430	0.001983	2.9
1219	-0.081493	12.323781	232.202963	0.002011	3.1
1220	-0.173434	12.333890	232.132539	0.004255	2.9
1221	-0.074915	12.344000	232.062157	0.002327	2.9
1222	-0.170905	12.354110	231.991819	0.004005	6.2
1223	-0.022967	12.364220	231.921522	0.001416	2.8
1224	-0.008946	12.374329	231.851269	0.001804	2.9
1225	-0.249501	12.384439	231.781058	0.004635	3.1
1226	-0.063111	12.394549	231.710889	0.003645	3.6
1227	-0.058466	12.404659	231.640763	0.002889	2.8
1228	-0.176145	12.414768	231.570679	0.004252	2.7
1229	-0.087925	12.424878	231.500638	0.002951	2.8
1230	-0.004866	12.434988	231.430639	0.002246	2.9
1231	-0.237152	12.445098	231.360683	0.007678	6.3
1232	-0.065521	12.455207	231.290768	0.002431	3.3
1233	-0.233098	12.465317	231.220896	0.003794	3.0
1234	-0.104391	12.475427	231.151066	0.003392	3.4
1235	-0.097761	12.485537	231.081279	0.004537	4.1
1236	-0.185971	12.495646	231.011533	0.003881	4.0
1237	-0.059835	12.505756	230.941830	0.002154	3.7
1238	-0.249258	12.515866	230.872168	0.006035	3.2
1239	-0.002236	12.525975	230.802549	0.000382	3.4
1240	-0.021038	12.536085	230.732971	0.001680	4.8
1241	-0.017847	12.546195	230.663436	0.001882	3.4
1242	-0.017334	12.556305	230.593942	0.002287	3.4
1243	-0.165848	12.566414	230.524490	0.005060	2.9
1244	-0.013154	12.576524	230.455080	0.001623	3.8
1245	-0.027725	12.586634	230.385712	0.001777	3.4
1246	-0.051106	12.596744	230.316386	0.005249	2.9
1247	-0.275199	12.606853	230.247101	0.005069	3.0
1248	-0.237216	12.616963	230.177858	0.003778	3.0
1249	-0.246092	12.627073	230.108657	0.006114	5.3
1250	-0.296114	12.637183	230.039497	0.006437	3.2
1251	-0.060638	12.647292	229.970379	0.003051	2.9
1252	-0.354235	12.657402	229.901302	0.008793	3.2
1253	-0.270541	12.667512	229.832267	0.008883	2.8
1254	-0.154692	12.677622	229.763273	0.005207	3.9
1255	-0.035354	12.687731	229.694321	0.002846	3.0
1256	-0.146099	12.697841	229.625410	0.002659	2.8
1257	-0.058522	12.707951	229.556540	0.003468	3.1
1258	-0.049018	12.718061	229.487712	0.002468	2.8
1259	0.000000	12.728170	229.418925	0.000000	5.6
1260	-0.024212	12.738280	229.350179	0.002646	3.2
1261	-0.048546	12.748390	229.281474	0.002440	2.9
1262	-0.085006	12.758500	229.212811	0.003312	2.8
1263	-0.277537	12.768609	229.144188	0.007677	3.3
1264	-0.070239	12.778719	229.075607	0.001398	3.5
1265	-0.056636	12.788829	229.007067	0.001984	3.3
1266	-0.221520	12.798939	228.938567	0.005215	3.4
1267	-0.185826	12.809048	228.870109	0.004924	3.0
1268	-0.111910	12.819158	228.801692	0.002885	7.6
1269	-0.270856	12.829268	228.733315	0.004551	2.9
1270	-0.083748	12.839378	228.664980	0.002530	2.8
1271	-0.032269	12.849487	228.596685	0.001335	3.1
1272	-0.242543	12.859597	228.528431	0.013024	3.3
1273	-0.012766	12.869707	228.460217	0.001870	3.5
1274	-0.075186	12.879817	228.392045	0.002010	3.3
1275	-0.180536	12.889926	228.323913	0.003460	2.9
1276	-0.219944	12.900036	228.255822	0.005581	2.9
1277	-0.187938	12.910146	228.187771	0.004299	4.8
1278	-0.128019	12.920256	228.119761	0.003823	2.9
1279	-0.080400	12.930365	228.051791	0.002552	2.7
1280	-0.025564	12.940475	227.983862	0.003022	2.8
1281	-0.257765	12.950585	227.915973	0.004706	2.8
1282	-0.267217	12.960695	227.848125	0.005717	3.8
1283	-0.015688	12.970804	227.780317	0.001912	3.2
1284	-0.121231	12.980914	227.712550	0.003808	2.8
1285	-0.006244	12.991024	227.644823	0.001002	2.9
1286	-0.050606	13.001134	227.577136	0.002934	3.1
1287	-0.104846	13.011243	227.509489	0.002360	3.4
1288	-0.212915	13.021353	227.441883	0.005868	4.2
1289	-0.034102	13.031463	227.374316	0.003830	3.1
1290	-0.111423	13.041573	227.306790	0.004287	2.9
1291	-0.246567	13.051682	227.239304	0.005444	3.0
1292	-0.204169	13.061792	227.171858	0.004803	3.9
1293	-0.303290	13.071902	227.104452	0.007741	3.2
1294	-0.217806	13.082012	227.037086	0.006625	2.9
1295	-0.149669	13.092121	226.969760	0.005743	3.1
1296	-0.031268	13.102231	226.902474	0.002506	2.8
1297	-0.022998	13.112341	226.835228	0.003164	4.7
1298	-0.236304	13.122451	226.768021	0.004960	4.7
1299	-0.006974	13.132560	226.700855	0.001807	2.9
1300	-0.208820	13.142670	226.633728	0.004537	2.9
1301	-0.039614	13.152780	226.566641	0.002436	2.9
1302	-0.255917	13.162890	226.499594	0.004842	3.6
1303	-0.316459	13.172999	226.432586	0.009443	3.3
1304	-0.107167	13.183109	226.365618	0.002765	3.5
1305	-0.067997	13.193219	226.298690	0.002783	3.0
1306	-0.128709	13.203328	226.231801	0.002856	5.1
1307	-0.190837	13.213438	226.164951	0.003587	3.5
1308	-0.127374	13.223548	226.098141	0.002811	2.9
1309	-0.003823	13.233658	226.031371	0.000949	3.1
1310	-0.178373	13.243767	225.964640	0.004005	2.9
1311	-0.080793	13.253877	225.897949	0.002216	3.6
1312	-0.074950	13.263987	225.831296	0.002661	2.9
1313	-0.063467	13.274097	225.764683	0.002289	3.1
1314	-0.174776	13.284206	225.698110	0.003656	3.1
1315	-0.125805	13.294316	225.631575	0.007278	3.1
1316	-0.160352	13.304426	225.565080	0.010187	4.0
1317	-0.139774	13.314536	225.498624	0.004997	3.3
1318	-0.000857	13.324645	225.432207	0.000476	2.8
1319	-0.103003	13.334755	225.365830	0.004346	2.8
1320	-0.286299	13.344865	225.299491	0.006324	3.1
1321	-0.248160	13.354975	225.233192	0.005573	3.8
1322	-0.017536	13.365084	225.166931	0.002018	3.4
1323	-0.116280	13.375194	225.100709	0.002615	3.2
1324	-0.174708	13.385304	225.034527	0.004717	2.9
1325	-0.076393	13.395414	224.968383	0.002555	3.3
1326	-0.096405	13.405523	224.902278	0.002369	5.8
1327	-0.036403	13.415633	224.836212	0.003847	3.1
1328	-0.249998	13.425743	224.770185	0.004389	2.8
1329	-0.091814	13.435853	224.704196	0.003380	2.8
1330	-0.239365	13.445962	224.638247	0.005008	3.1
1331	-0.194373	13.456072	224.572335	0.003890	3.5
1332	-0.060678	13.466182	224.506463	0.001330	3.1
1333	-0.256320	13.476292	224.440629	0.007911	3.2
1334	-0.101132	13.486401	224.374834	0.002704	2.9
1335	-0.182549	13.496511	224.309078	0.005024	2.8
1336	-0.179551	13.506621	224.243360	0.004307	4.8
1337	-0.079957	13.516731	224.177680	0.002968	2.8
1338	-0.090756	13.526840	224.112039	0.004197	2.8
1339	-0.054162	13.536950	224.046436	0.002081	2.7
1340	-0.146734	13.547060	223.980872	0.005008	3.1
1341	-0.358707	13.557170	223.915346	0.012296	3.5
1342	-0.176078	13.567279	223.849859	0.008105	3.0
1343	-0.204245	13.577389	223.784409	0.005298	2.8
1344	-0.087271	13.587499	223.718998	0.003240	2.8
1345	-0.034520	13.597609	223.653625	0.003525	2.9
1346	-0.005122	13.607718	223.588291	0.000696	6.3
1347	-0.058833	13.617828	223.522994	0.004628	3.0
1348	-0.086543	13.627938	223.457736	0.002960	2.8
1349	-0.014947	13.638048	223.392516	0.002476	3.1
1350	-0.123440	13.648157	223.327334	0.004071	3.9
1351	-0.211022	13.658267	223.262190	0.003236	3.0
1352	-0.108284	13.668377	223.197083	0.004402	2.8
1353	-0.132065	13.678487	223.132015	0.005678	2.9
1354	-0.266029	13.688596	223.066985	0.005464	3.1
1355	-0.247904	13.698706	223.001993	0.008536	4.7
1356	-0.052624	13.708816	222.937038	0.002312	3.1
1357	-0.061426	13.718926	222.872122	0.002912	2.9
1358	-0.145611	13.729035	222.807243	0.004106	3.3
1359	-0.070560	13.739145	222.742402	0.001584	3.3
1360	-0.070484	13.749255	222.677598	0.003255	3.6
1361	-0.130758	13.759365	222.612832	0.002455	3.3
1362	-0.011721	13.769474	222.548104	0.000854	3.6
1363	-0.168296	13.779584	222.483414	0.005117	2.9
1364	-0.088188	13.789694	222.418761	0.003018	2.9
1365	-0.052168	13.799804	222.354146	0.002212	4.3
1366	-0.137735	13.809913	222.289568	0.003581	3.0
1367	-0.262283	13.820023	222.225028	0.006805	2.9
1368	-0.201299	13.830133	222.160525	0.006361	2.9
1369	-0.131707	13.840242	222.096060	0.004354	2.9
1370	-0.261128	13.850352	222.031632	0.007447	3.8
1371	-0.212336	13.860462	221.967242	0.004265	2.9
1372	-0.140095	13.870572	221.902889	0.004664	2.8
1373	-0.069069	13.880681	221.838573	0.002479	3.1
1374	-0.228069	13.890791	221.774294	0.005462	3.3
1375	-0.149027	13.900901	221.710053	0.004360	7.0
1376	-0.301773	13.911011	221.645848	0.006625	3.1
1377	-0.256986	13.921120	221.581681	0.009306	2.9
1378	-0.154823	13.931230	221.517552	0.004468	3.3
1379	-0.278284	13.941340	221.453459	0.006147	4.2
1380	-0.062257	13.951450	221.389403	0.003394	3.5
1381	-0.313754	13.961559	221.325385	0.006013	3.5
1382	-0.098054	13.971669	221.261403	0.004303	3.4
1383	-0.113546	13.981779	221.197458	0.003074	6.3
1384	-0.043695	13.991889	221.133551	0.001998	3.0
1385	-0.150242	14.001998	221.069680	0.003457	2.9
1386	-0.014106	14.012108	221.005846	0.001159	2.9
1387	-0.058379	14.022218	220.942049	0.003289	2.7
1388	-0.111641	14.032328	220.878289	0.003717	3.6
1389	-0.048464	14.042437	220.814565	0.002370	3.2
1390	-0.197205	14.052547	220.750879	0.004241	3.2
1391	-0.156655	14.062657	220.687229	0.005182	3.1
1392	-0.033788	14.072767	220.623616	0.002302	2.9
1393	-0.118489	14.082876	220.560039	0.003510	4.1
1394	-0.120085	14.092986	220.496499	0.003662	3.0
1395	-0.000001	14.103096	220.432996	0.000009	2.8
1396	-0.010888	14.113206	220.369529	0.002501	3.1
1397	-0.282381	14.123315	220.306099	0.004509	2.9
1398	-0.098736	14.133425	220.242705	0.004722	3.9
1399	-0.049646	14.143535	220.179348	0.003257	3.1
1400	-0.012526	14.153645	220.116027	0.001437	3.1
1401	-0.002928	14.163754	220.052743	0.000679	3.1
1402	-0.092232	14.173864	219.989495	0.002113	2.9
1403	-0.106916	14.183974	219.926283	0.003871	5.1
1404	-0.233348	14.194084	219.863108	0.005947	2.9
1405	-0.015702	14.204193	219.799969	0.001854	2.9
1406	-0.109468	14.214303	219.736866	0.003530	2.9
1407	-0.050334	14.224413	219.673799	0.001362	2.9
1408	-0.024900	14.234523	219.610769	0.002182	3.9
1409	-0.036249	14.244632	219.547774	0.002126	3.3
1410	-0.038362	14.254742	219.484816	0.003493	3.0
1411	-0.141929	14.264852	219.421894	0.004043	3.0
1412	-0.178724	14.274962	219.359008	0.002546	3.1
1413	-0.069518	14.285071	219.296158	0.003158	6.5
1414	-0.038553	14.295181	219.233345	0.001566	3.5
1415	-0.006473	14.305291	219.170567	0.001045	3.1
1416	-0.069359	14.315401	219.107825	0.004211	3.3
1417	-0.011043	14.325510	219.045118	0.001157	4.0
1418	-0.005680	14.335620	218.982448	0.002248	3.4
1419	-0.100657	14.345730	218.919814	0.004258	3.6
1420	-0.221478	14.355840	218.857215	0.005697	3.4
1421	-0.182066	14.365949	218.794653	0.004965	9.1
1422	-0.215156	14.376059	218.732126	0.003527	2.8
1423	-0.277165	14.386169	218.669634	0.006381	2.7
1424	-0.274074	14.396279	218.607179	0.006128	2.9
1425	-0.269414	14.406388	218.544759	0.004896	3.8
1426	-0.063278	14.416498	218.482375	0.001953	2.9
1427	-0.000304	14.426608	218.420026	0.000012	2.8
1428	-0.053096	14.436718	218.357713	0.003690	2.9
1429	-0.021364	14.446827	218.295435	0.001205	2.8
1430	-0.164560	14.456937	218.233193	0.003930	4.5
1431	-0.012815	14.467047	218.170987	0.001626	2.8
1432	-0.241798	14.477157	218.108816	0.003146	2.7
1433	-0.234383	14.487266	218.046680	0.006367	2.8
1434	-0.253107	14.497376	217.984580	0.005097	2.9
1435	-0.075541	14.507486	217.922515	0.002894	3.4
1436	-0.031942	14.517595	217.860485	0.002927	3.4
1437	-0.021766	14.527705	217.798491	0.000771	3.4
1438	-0.079581	14.537815	217.736532	0.003127	3.1
1439	-0.208972	14.547925	217.674608	0.004748	3.2
1440	-0.360764	14.558034	217.612720	0.006488	4.2
1441	-0.179355	14.568144	217.550866	0.004977	2.9
1442	-0.125693	14.578254	217.489048	0.003506	2.8
1443	-0.184732	14.588364	217.427265	0.004115	3.0
1444	-0.215609	14.598473	217.365517	0.004523	2.8
1445	-0.178219	14.608583	217.303804	0.007941	3.5
1446	-0.078421	14.618693	217.242126	0.001514	3.5
1447	-0.076636	14.628803	217.180483	0.001709	3.3
1448	-0.036978	14.638912	217.118875	0.001251	2.9
1449	-0.129140	14.649022	217.057302	0.004288	2.8
1450	-0.301727	14.659132	216.995764	0.009386	6.6
1451	-0.127207	14.669242	216.934261	0.003850	3.1
1452	-0.157985	14.679351	216.872793	0.003897	2.8
1453	-0.082449	14.689461	216.811359	0.004222	2.9
1454	-0.227507	14.699571	216.749961	0.003638	3.2
1455	-0.288560	14.709681	216.688597	0.006712	3.8
1456	-0.210689	14.719790	216.627267	0.004191	2.8
1457	-0.145465	14.729900	216.565973	0.004108	3.1
1458	-0.004673	14.740010	216.504713	0.002392	3.0
1459	-0.092271	14.750120	216.443488	0.003093	3.0
1460	-0.008698	14.760229	216.382297	0.000876	5.1
1461	-0.148314	14.770339	216.321141	0.004190	2.9
1462	-0.176280	14.780449	216.260020	0.003474	3.2
1463	-0.046254	14.790559	216.198933	0.001886	2.9
1464	-0.018510	14.800668	216.137881	0.001772	3.5
1465	-0.076635	14.810778	216.076863	0.003661	3.5
1466	-0.214854	14.820888	216.015879	0.005293	3.1
1467	-0.342867	14.830998	215.954930	0.006720	3.0
1468	-0.072895	14.841107	215.894016	0.004305	2.9
1469	-0.216014	14.851217	215.833135	0.004687	3.4
1470	-0.005609	14.861327	215.772289	0.001115	4.0
1471	-0.062119	14.871437	215.711478	0.002816	2.8
1472	-0.036805	14.881546	215.650700	0.001775	3.0
1473	-0.114030	14.891656	215.589957	0.006039	2.9
1474	-0.130609	14.901766	215.529248	0.005537	3.2
1475	-0.360006	14.911876	215.468573	0.005606	3.5
1476	-0.028672	14.921985	215.407932	0.002172	3.3
1477	-0.185042	14.932095	215.347326	0.004230	3.1
1478	-0.022390	14.942205	215.286754	0.001471	2.8
1479	-0.271879	14.952315	215.226215	0.004732	5.9
1480	-0.175771	14.962424	215.165711	0.004432	2.9
1481	-0.073340	14.972534	215.105241	0.003115	3.1
1482	-0.199558	14.982644	215.044804	0.004123	2.8
1483	-0.175671	14.992754	214.984402	0.004305	3.0
1484	-0.234838	15.002863	214.924033	0.004792	3.7
1485	-0.301656	15.012973	214.863699	0.006819	2.8
1486	-0.106362	15.023083	214.803398	0.003557	2.8
1487	-0.018999	15.033193	214.743131	0.002327	3.1
1488	-0.022594	15.043302	214.682898	0.003169	3.1
1489	-0.257541	15.053412	214.622699	0.005188	5.2
1490	-0.017168	15.063522	214.562533	0.001807	2.9
1491	-0.029199	15.073632	214.502401	0.001048	2.9
1492	-0.063566	15.083741	214.442303	0.002331	2.7
1493	-0.102537	15.093851	214.382239	0.005023	3.2
1494	-0.139253	15.103961	214.322208	0.003991	3.7
1495	-0.057057	15.114071	214.262211	0.003781	3.0
1496	-0.282951	15.124180	214.202247	0.007980	3.4
1497	-0.235043	15.134290	214.142317	0.003622	3.3
1498	-0.221163	15.144400	214.082421	0.004159	3.3
1499	-0.115997	15.154510	214.022558	0.005617	6.1
