1:ItNr	2:Metric	3a:Time	3b:StepSize	4:||Gradient||	Time[ms]
0	-0.253260	0.000000	321.030791	0.005225	516.6
1	-0.128282	0.084388	319.745907	0.002914	2.3
2	-0.170062	0.168775	318.471267	0.004052	2.5
3	-0.224553	0.253163	317.206750	0.005401	2.2
4	-0.317310	0.337550	315.952235	0.005090	2.1
5	-0.073312	0.421938	314.707603	0.004098	2.2
6	-0.166772	0.506325	313.472739	0.004389	2.2
7	-0.272935	0.590713	312.247528	0.007964	2.2
8	-0.238129	0.675100	311.031857	0.004867	2.2
9	-0.368865	0.759488	309.825615	0.005973	2.9
10	-0.068006	0.843875	308.628693	0.002902	2.5
11	-0.276110	0.928263	307.440984	0.003734	2.6
12	-0.172318	1.012650	306.262381	0.003175	2.7
13	-0.068701	1.097038	305.092780	0.002529	2.5
14	-0.164559	1.181425	303.932078	0.005369	2.5
15	-0.060603	1.265813	302.780175	0.002165	3.1
16	-0.190190	1.350200	301.636970	0.005620	2.6
17	-0.189947	1.434588	300.502365	0.003365	2.6
18	-0.205615	1.518975	299.376264	0.005063	2.6
19	-0.164773	1.603363	298.258571	0.003588	2.6
20	-0.141839	1.687750	297.149193	0.002200	2.6
21	-0.224029	1.772138	296.048037	0.005329	3.0
22	-0.224118	1.856525	294.955012	0.003874	2.4
23	-0.043889	1.940913	293.870028	0.003301	2.6
24	-0.254769	2.025300	292.792997	0.003901	2.4
25	-0.235934	2.109688	291.723832	0.003743	2.4
26	-0.091732	2.194075	290.662447	0.003951	2.4
27	-0.247705	2.278463	289.608757	0.007163	2.7
28	-0.208849	2.362850	288.562679	0.006119	2.5
29	-0.454439	2.447238	287.524131	0.005370	2.2
30	-0.118289	2.531625	286.493032	0.002806	2.4
31	-0.105228	2.616013	285.469302	0.002514	2.2
32	-0.242134	2.700400	284.452861	0.003866	2.5
33	-0.133225	2.784788	283.443634	0.002944	2.4
34	-0.299825	2.869175	282.441542	0.005513	2.9
35	-0.313698	2.953563	281.446511	0.006593	2.7
36	-0.343673	3.037950	280.458466	0.009286	2.4
37	-0.092085	3.122338	279.477335	0.003265	2.5
38	-0.058512	3.206725	278.503044	0.001435	2.6
39	-0.158821	3.291113	277.535522	0.003547	2.5
40	-0.247396	3.375500	276.574700	0.005185	3.0
41	-0.121051	3.459888	275.620507	0.002114	2.6
42	-0.281230	3.544275	274.672876	0.003913	2.4
43	-0.200445	3.628663	273.731738	0.008080	2.3
44	-0.229691	3.713050	272.797028	0.004890	2.5
45	-0.159166	3.797438	271.868680	0.002490	2.4
46	-0.160970	3.881825	270.946628	0.004667	2.5
47	-0.296966	3.966213	270.030810	0.005588	2.7
48	-0.309069	4.050600	269.121162	0.005596	2.5
49	-0.294717	4.134988	268.217623	0.003846	2.5
50	-0.380953	4.219375	267.320130	0.003933	2.2
51	-0.164466	4.303763	266.428623	0.005410	2.4
52	-0.184396	4.388150	265.543042	0.004122	2.6
53	-0.262179	4.472538	264.663330	0.004391	2.6
54	-0.253764	4.556925	263.789427	0.004171	2.5
55	-0.442753	4.641313	262.921276	0.006733	2.5
56	-0.346409	4.725700	262.058820	0.009226	2.4
57	-0.322402	4.810088	261.202004	0.010618	2.3
58	-0.081660	4.894475	260.350773	0.001072	2.6
59	-0.228284	4.978863	259.505072	0.005579	4.0
60	-0.179782	5.063250	258.664848	0.003278	2.9
61	-0.241961	5.147638	257.830046	0.002170	2.8
62	-0.278667	5.232025	257.000616	0.003663	2.3
63	-0.109862	5.316413	256.176505	0.006194	2.7
64	-0.149340	5.400800	255.357663	0.002208	2.3
65	-0.206377	5.485188	254.544039	0.004077	2.8
66	-0.270467	5.569575	253.735582	0.007071	2.6
67	-0.241328	5.653963	252.932246	0.004528	2.4
68	-0.126457	5.738350	252.133979	0.006076	2.2
69	-0.109766	5.822738	251.340736	0.002519	2.4
70	-0.240710	5.907125	250.552468	0.010294	2.5
71	-0.186143	5.991513	249.769130	0.005498	2.3
72	-0.237132	6.075900	248.990674	0.003007	3.0
73	-0.234972	6.160288	248.217055	0.008274	2.6
74	-0.252537	6.244675	247.448229	0.005588	2.5
75	-0.261653	6.329063	246.684151	0.006469	2.5
76	-0.350058	6.413450	245.924777	0.008279	2.5
77	-0.321724	6.497838	245.170064	0.004698	2.4
78	-0.255222	6.582225	244.419969	0.004525	2.9
79	-0.335019	6.666613	243.674450	0.008970	2.5
80	-0.188858	6.751000	242.933465	0.004566	2.3
81	-0.167041	6.835388	242.196973	0.003893	2.5
82	-0.349062	6.919775	241.464933	0.007473	2.6
83	-0.230424	7.004163	240.737304	0.003927	2.5
84	-0.336707	7.088550	240.014048	0.004217	3.0
85	-0.106050	7.172938	239.295124	0.001663	2.7
86	-0.208352	7.257325	238.580495	0.003517	2.7
87	-0.459091	7.341713	237.870121	0.005970	2.6
88	-0.175465	7.426100	237.163965	0.002409	2.5
89	-0.318331	7.510488	236.461989	0.007759	2.4
90	-0.198560	7.594875	235.764157	0.004900	3.0
91	-0.171822	7.679263	235.070431	0.004364	2.7
92	-0.372734	7.763650	234.380775	0.005005	2.3
93	-0.124362	7.848038	233.695155	0.002531	2.3
94	-0.199679	7.932425	233.013534	0.005822	2.4
95	-0.128018	8.016813	232.335877	0.004135	2.2
96	-0.185185	8.101200	231.662151	0.004643	2.2
97	-0.223216	8.185588	230.992321	0.006082	2.8
98	-0.302785	8.269975	230.326353	0.004869	2.5
99	-0.264038	8.354363	229.664214	0.005393	2.3
100	-0.298869	8.438750	229.005871	0.005073	2.5
101	-0.286025	8.523138	228.351292	0.004960	2.4
102	-0.166519	8.607525	227.700444	0.005206	2.4
103	-0.254428	8.691913	227.053296	0.005582	2.8
104	-0.100176	8.776300	226.409815	0.003746	2.7
105	-0.225649	8.860688	225.769972	0.004393	2.3
106	-0.059772	8.945075	225.133735	0.001350	2.5
107	-0.242864	9.029463	224.501074	0.007508	2.6
108	-0.390465	9.113850	223.871959	0.004804	2.4
109	-0.320413	9.198238	223.246359	0.004170	2.3
110	-0.225993	9.282625	222.624247	0.004162	3.0
111	-0.156859	9.367013	222.005592	0.003438	2.6
112	-0.303399	9.451400	221.390366	0.002864	2.4
113	-0.145522	9.535788	220.778540	0.009183	2.6
114	-0.208644	9.620175	220.170087	0.008526	2.4
115	-0.192930	9.704563	219.564978	0.002534	2.4
116	-0.161860	9.788950	218.963186	0.005585	2.8
117	-0.175448	9.873338	218.364684	0.002577	2.6
118	-0.116858	9.957725	217.769445	0.005249	2.3
119	-0.216595	10.042113	217.177442	0.003216	2.3
120	-0.161384	10.126500	216.588649	0.002894	2.6
121	-0.207405	10.210888	216.003040	0.003189	2.4
122	-0.206032	10.295275	215.420589	0.005146	2.5
123	-0.058785	10.379663	214.841271	0.002215	2.6
124	-0.194873	10.464050	214.265061	0.006302	2.4
125	-0.184726	10.548438	213.691933	0.005204	2.5
126	-0.230139	10.632825	213.121863	0.005826	2.6
127	-0.116480	10.717213	212.554826	0.006173	2.5
128	-0.073792	10.801600	211.990799	0.001801	2.5
129	-0.214691	10.885988	211.429757	0.003226	2.9
130	-0.138124	10.970375	210.871677	0.003937	2.5
131	-0.176186	11.054763	210.316535	0.005216	2.4
132	-0.237379	11.139150	209.764309	0.007145	2.4
133	-0.133483	11.223538	209.214975	0.003484	2.7
134	-0.214272	11.307925	208.668510	0.006641	2.4
135	-0.337905	11.392313	208.124893	0.009736	2.9
136	-0.315983	11.476700	207.584101	0.006357	2.5
137	-0.273821	11.561088	207.046112	0.011698	2.3
138	-0.171337	11.645475	206.510905	0.003935	2.5
139	-0.308481	11.729863	205.978457	0.004189	2.4
140	-0.056594	11.814250	205.448748	0.002334	2.6
141	-0.202338	11.898638	204.921756	0.006391	2.4
142	-0.190769	11.983025	204.397461	0.008281	2.8
143	-0.072964	12.067413	203.875842	0.003660	2.4
144	-0.035303	12.151800	203.356879	0.000831	2.2
145	-0.347363	12.236188	202.840551	0.002670	2.2
146	-0.401055	12.320575	202.326838	0.007325	2.3
147	-0.238914	12.404963	201.815721	0.002937	2.4
148	-0.257851	12.489350	201.307179	0.003676	2.8
149	-0.123819	12.573738	200.801194	0.002863	2.7
150	-0.306136	12.658125	200.297746	0.003629	2.7
151	-0.400004	12.742513	199.796817	0.005645	2.5
152	-0.104695	12.826900	199.298386	0.002112	2.3
153	-0.280503	12.911288	198.802436	0.010037	2.4
154	-0.235602	12.995675	198.308949	0.002083	2.4
155	-0.206908	13.080063	197.817905	0.004974	2.9
156	-0.170232	13.164450	197.329288	0.002512	2.5
157	-0.103849	13.248838	196.843078	0.005152	2.6
158	-0.284912	13.333225	196.359258	0.004708	2.5
159	-0.279763	13.417613	195.877810	0.006960	2.3
160	-0.266608	13.502000	195.398718	0.004874	2.2
161	-0.147020	13.586388	194.921964	0.004093	2.9
162	-0.159772	13.670775	194.447530	0.005019	2.5
163	-0.204527	13.755163	193.975401	0.003513	2.3
164	-0.453597	13.839550	193.505558	0.005848	2.5
165	-0.432084	13.923938	193.037987	0.004251	2.5
166	-0.180451	14.008325	192.572669	0.002886	2.4
167	-0.266477	14.092713	192.109589	0.005720	2.2
168	-0.270721	14.177100	191.648731	0.002999	2.8
169	-0.099994	14.261488	191.190079	0.001746	2.5
170	-0.080458	14.345875	190.733617	0.001434	2.2
171	-0.133975	14.430263	190.279329	0.002188	2.4
172	-0.178072	14.514650	189.827200	0.007515	2.5
173	-0.080482	14.599038	189.377215	0.002318	2.3
174	-0.273801	14.683425	188.929358	0.007871	2.7
175	-0.289527	14.767813	188.483614	0.003640	2.5
176	-0.382699	14.852200	188.039969	0.006078	2.6
177	-0.198265	14.936588	187.598407	0.005912	2.3
178	-0.089951	15.020975	187.158914	0.002375	2.3
179	-0.319014	15.105363	186.721476	0.005255	2.2
180	-0.279636	15.189750	186.286078	0.004159	2.7
181	-0.310138	15.274138	185.852705	0.009737	2.9
182	-0.272795	15.358525	185.421344	0.003211	2.6
183	-0.316814	15.442913	184.991981	0.010395	2.4
184	-0.052181	15.527300	184.564602	0.002608	2.5
185	-0.178895	15.611688	184.139193	0.003945	2.5
186	-0.355552	15.696075	183.715740	0.005871	2.2
187	-0.327510	15.780463	183.294231	0.007145	2.7
188	-0.203113	15.864850	182.874651	0.004393	2.7
189	-0.347327	15.949238	182.456988	0.006260	2.5
190	-0.186247	16.033625	182.041228	0.003208	2.2
191	-0.157386	16.118013	181.627359	0.006247	2.5
192	-0.361714	16.202400	181.215367	0.012712	2.3
193	-0.186060	16.286788	180.805240	0.002848	2.5
194	-0.280822	16.371175	180.396966	0.007021	2.9
195	-0.165954	16.455563	179.990531	0.005250	2.7
196	-0.308094	16.539950	179.585923	0.005800	2.6
197	-0.348557	16.624338	179.183130	0.005288	2.5
198	-0.166368	16.708725	178.782141	0.003405	2.5
199	-0.161055	16.793113	178.382941	0.004620	2.7
200	-0.123982	16.877500	177.985521	0.006869	2.9
201	-0.373123	16.961888	177.589868	0.009574	2.4
202	-0.240679	17.046275	177.195969	0.006091	2.2
203	-0.048651	17.130663	176.803814	0.001477	2.2
204	-0.141881	17.215050	176.413391	0.006729	2.3
205	-0.312895	17.299438	176.024689	0.007850	2.2
206	-0.293999	17.383825	175.637696	0.005852	2.3
207	-0.214046	17.468213	175.252400	0.003173	2.7
208	-0.204845	17.552600	174.868792	0.007065	2.2
209	-0.242774	17.636988	174.486859	0.004033	2.3
210	-0.245701	17.721375	174.106590	0.008387	2.2
211	-0.326188	17.805763	173.727976	0.006203	2.2
212	-0.295924	17.890150	173.351005	0.008920	2.2
213	-0.109849	17.974538	172.975666	0.003064	2.2
214	-0.194042	18.058925	172.601949	0.005245	2.7
215	-0.305486	18.143313	172.229843	0.006056	2.2
216	-0.179241	18.227700	171.859339	0.005321	2.2
217	-0.247045	18.312088	171.490425	0.005032	2.2
218	-0.255277	18.396475	171.123091	0.006691	2.3
219	-0.362565	18.480863	170.757328	0.009742	2.2
220	-0.226088	18.565250	170.393125	0.005863	2.2
221	-0.143541	18.649638	170.030472	0.003414	2.8
222	-0.508542	18.734025	169.669360	0.006772	2.3
223	-0.442019	18.818413	169.309778	0.008850	2.2
224	-0.298827	18.902800	168.951717	0.003451	2.2
225	-0.169760	18.987188	168.595167	0.003990	2.3
226	-0.335719	19.071575	168.240120	0.004267	2.2
227	-0.297078	19.155963	167.886564	0.008359	2.2
228	-0.275733	19.240350	167.534491	0.006117	2.6
229	-0.389280	19.324738	167.183892	0.011801	2.3
230	-0.334310	19.409125	166.834758	0.006462	2.2
231	-0.394569	19.493513	166.487078	0.005421	2.2
232	-0.265565	19.577900	166.140844	0.006648	2.2
233	-0.255565	19.662288	165.796048	0.003016	2.3
234	-0.235026	19.746675	165.452680	0.004804	2.4
235	-0.098214	19.831063	165.110731	0.004501	2.8
236	-0.340963	19.915450	164.770192	0.009809	2.4
237	-0.227178	19.999838	164.431056	0.004366	2.2
238	-0.171917	20.084225	164.093313	0.006540	2.2
239	-0.138799	20.168613	163.756954	0.005567	2.2
240	-0.213625	20.253000	163.421971	0.008365	2.3
241	-0.189272	20.337388	163.088356	0.010018	2.6
242	-0.052370	20.421775	162.756100	0.002414	2.4
243	-0.352027	20.506163	162.425196	0.009622	2.2
244	-0.306818	20.590550	162.095634	0.003974	2.2
245	-0.439842	20.674938	161.767407	0.008792	2.2
246	-0.190863	20.759325	161.440506	0.006831	2.2
247	-0.390958	20.843713	161.114924	0.011012	2.2
248	-0.113543	20.928100	160.790653	0.003786	2.6
249	-0.265605	21.012488	160.467684	0.010736	2.3
250	-0.170195	21.096875	160.146010	0.007082	2.3
251	-0.251421	21.181263	159.825623	0.004675	2.2
252	-0.290545	21.265650	159.506516	0.006077	2.2
253	-0.174863	21.350038	159.188680	0.003038	2.2
254	-0.217609	21.434425	158.872108	0.005510	2.2
255	-0.410730	21.518813	158.556793	0.007908	2.6
256	-0.246945	21.603200	158.242728	0.007870	2.3
257	-0.213735	21.687588	157.929903	0.005093	2.2
258	-0.227785	21.771975	157.618314	0.003440	2.2
259	-0.253430	21.856363	157.307951	0.005727	2.2
260	-0.255066	21.940750	156.998808	0.005864	2.2
261	-0.073187	22.025138	156.690878	0.001396	2.3
262	-0.221683	22.109525	156.384153	0.002031	2.6
263	-0.366212	22.193913	156.078627	0.007313	2.3
264	-0.114482	22.278300	155.774293	0.001341	2.2
265	-0.165701	22.362688	155.471143	0.002840	2.3
266	-0.209209	22.447075	155.169170	0.003607	2.3
267	-0.176755	22.531463	154.868368	0.006024	2.3
268	-0.131429	22.615850	154.568731	0.002862	2.2
269	-0.133459	22.700238	154.270250	0.008811	2.7
270	-0.328397	22.784625	153.972920	0.008459	2.3
271	-0.098921	22.869013	153.676734	0.005371	2.2
272	-0.133378	22.953400	153.381685	0.006702	2.2
273	-0.343750	23.037788	153.087767	0.004023	2.3
274	-0.362797	23.122175	152.794974	0.010701	2.2
275	-0.182722	23.206563	152.503298	0.004734	2.2
276	-0.192929	23.290950	152.212734	0.002792	2.6
277	-0.231984	23.375338	151.923274	0.004022	2.7
278	-0.365711	23.459725	151.634914	0.004612	2.3
279	-0.058540	23.544113	151.347646	0.002004	2.2
280	-0.232801	23.628500	151.061465	0.006839	2.3
281	-0.186879	23.712888	150.776363	0.003877	2.3
282	-0.116764	23.797275	150.492336	0.006833	2.2
283	-0.050718	23.881663	150.209377	0.002214	2.7
284	-0.231178	23.966050	149.927480	0.002824	2.1
285	-0.284609	24.050438	149.646639	0.006365	2.3
286	-0.334088	24.134825	149.366849	0.006514	2.2
287	-0.033686	24.219213	149.088102	0.000655	2.3
288	-0.236739	24.303600	148.810394	0.002228	2.2
289	-0.271473	24.387988	148.533719	0.004825	2.2
290	-0.179591	24.472375	148.258070	0.002291	2.6
291	-0.220031	24.556763	147.983443	0.003446	2.3
292	-0.113980	24.641150	147.709831	0.001852	2.2
293	-0.045697	24.725538	147.437230	0.001457	2.2
294	-0.244293	24.809925	147.165632	0.004601	2.1
295	-0.190415	24.894313	146.895033	0.004617	2.3
296	-0.356574	24.978700	146.625428	0.005490	2.2
297	-0.244705	25.063088	146.356811	0.005235	2.6
298	-0.130749	25.147475	146.089175	0.005042	2.3
299	-0.157119	25.231863	145.822517	0.004462	2.3
300	-0.232849	25.316250	145.556831	0.004217	2.2
301	-0.224622	25.400638	145.292111	0.005348	2.2
302	-0.382161	25.485025	145.028352	0.011279	2.2
303	-0.114042	25.569413	144.765549	0.003801	2.2
304	-0.244785	25.653800	144.503697	0.004801	2.7
305	-0.230758	25.738188	144.242790	0.003498	2.4
306	-0.191423	25.822575	143.982824	0.003813	2.2
307	-0.146935	25.906963	143.723793	0.001529	2.3
308	-0.065175	25.991350	143.465692	0.002038	2.2
309	-0.277577	26.075738	143.208517	0.005543	2.2
310	-0.185422	26.160125	142.952262	0.002212	2.3
311	-0.343095	26.244513	142.696923	0.003919	2.7
312	-0.352069	26.328900	142.442494	0.008972	2.3
313	-0.369314	26.413288	142.188971	0.010137	2.2
314	-0.171411	26.497675	141.936349	0.006067	2.3
315	-0.230495	26.582063	141.684623	0.003839	2.2
316	-0.333665	26.666450	141.433788	0.006104	2.2
317	-0.260869	26.750838	141.183839	0.002473	2.3
318	-0.315581	26.835225	140.934773	0.008645	2.8
319	-0.099482	26.919613	140.686584	0.002242	2.5
320	-0.342930	27.004000	140.439267	0.012390	2.2
321	-0.096466	27.088388	140.192818	0.005844	2.3
322	-0.135967	27.172775	139.947233	0.006081	2.5
323	-0.094428	27.257163	139.702507	0.003772	2.3
324	-0.341061	27.341550	139.458635	0.003612	2.2
325	-0.182498	27.425938	139.215613	0.004333	2.9
326	-0.171244	27.510325	138.973436	0.002891	2.2
327	-0.234352	27.594713	138.732101	0.003570	2.2
328	-0.059927	27.679100	138.491602	0.003427	2.3
329	-0.497505	27.763488	138.251936	0.009401	2.3
330	-0.333581	27.847875	138.013098	0.003943	2.2
331	-0.247225	27.932263	137.775084	0.005817	2.2
332	-0.298896	28.016650	137.537889	0.009662	2.7
333	-0.323441	28.101038	137.301510	0.003006	2.2
334	-0.179947	28.185425	137.065941	0.006211	2.2
335	-0.228740	28.269813	136.831180	0.007047	2.2
336	-0.187862	28.354200	136.597221	0.006117	2.3
337	-0.173496	28.438588	136.364061	0.005721	2.2
338	-0.111756	28.522975	136.131696	0.004411	2.2
339	-0.273236	28.607363	135.900121	0.005721	2.8
340	-0.403378	28.691750	135.669333	0.013234	2.3
341	-0.311704	28.776138	135.439327	0.005367	2.2
342	-0.286973	28.860525	135.210100	0.003787	2.3
343	-0.349254	28.944913	134.981647	0.011170	2.3
344	-0.185480	29.029300	134.753966	0.002906	2.2
345	-0.326947	29.113688	134.527050	0.006385	2.2
346	-0.074350	29.198075	134.300898	0.002331	2.6
347	-0.236046	29.282463	134.075505	0.003373	2.4
348	-0.035355	29.366850	133.850868	0.001789	2.3
349	-0.050280	29.451238	133.626981	0.001675	2.2
350	-0.303553	29.535625	133.403843	0.006001	2.2
351	-0.217851	29.620013	133.181448	0.004598	2.2
352	-0.260586	29.704400	132.959794	0.006747	2.3
353	-0.230880	29.788788	132.738876	0.004633	2.6
354	-0.201396	29.873175	132.518691	0.003759	2.3
355	-0.144703	29.957563	132.299236	0.001996	2.2
356	-0.453758	30.041950	132.080506	0.011394	2.2
357	-0.336772	30.126338	131.862498	0.004947	2.2
358	-0.192393	30.210725	131.645208	0.002601	2.3
359	-0.200312	30.295113	131.428634	0.003307	2.2
360	-0.156617	30.379500	131.212771	0.003095	2.8
361	-0.221740	30.463888	130.997616	0.004643	2.6
362	-0.258014	30.548275	130.783165	0.005157	2.2
363	-0.404993	30.632663	130.569416	0.003392	2.3
364	-0.138602	30.717050	130.356363	0.008230	2.3
365	-0.419667	30.801438	130.144005	0.005824	2.3
366	-0.187661	30.885825	129.932338	0.005757	2.6
367	-0.399286	30.970213	129.721358	0.009169	2.3
368	-0.354518	31.054600	129.511063	0.005586	2.2
369	-0.183346	31.138988	129.301448	0.004288	2.3
370	-0.283448	31.223375	129.092510	0.009416	2.2
371	-0.474627	31.307763	128.884247	0.008823	2.2
372	-0.188373	31.392150	128.676654	0.006103	2.2
373	-0.266069	31.476538	128.469729	0.006264	2.6
374	-0.226326	31.560925	128.263469	0.005648	2.3
375	-0.279324	31.645313	128.057870	0.012276	2.3
376	-0.367316	31.729700	127.852929	0.007476	2.2
377	-0.518643	31.814088	127.648642	0.009839	2.2
378	-0.133206	31.898475	127.445008	0.003521	2.3
379	-0.244365	31.982863	127.242022	0.005838	2.3
380	-0.083994	32.067250	127.039682	0.005248	2.7
381	-0.366979	32.151638	126.837984	0.009475	2.3
382	-0.433159	32.236025	126.636926	0.012051	2.3
383	-0.121286	32.320413	126.436504	0.002548	2.3
384	-0.419313	32.404800	126.236716	0.010531	2.2
385	-0.248673	32.489188	126.037558	0.004773	2.2
386	-0.178947	32.573575	125.839027	0.004873	2.3
387	-0.259965	32.657963	125.641121	0.002230	2.6
388	-0.280632	32.742350	125.443836	0.007655	2.3
389	-0.473338	32.826738	125.247170	0.006845	2.3
390	-0.351236	32.911125	125.051120	0.005264	2.2
391	-0.406506	32.995513	124.855682	0.007509	2.2
392	-0.318000	33.079900	124.660855	0.006715	2.2
393	-0.166865	33.164288	124.466634	0.004908	2.2
394	-0.313213	33.248675	124.273018	0.007121	2.6
395	-0.479274	33.333063	124.080003	0.007810	2.3
396	-0.146379	33.417450	123.887587	0.002827	2.3
397	-0.190774	33.501838	123.695766	0.003529	2.3
398	-0.310290	33.586225	123.504539	0.007065	2.2
399	-0.308895	33.670613	123.313902	0.004035	2.3
400	-0.265007	33.755000	123.123853	0.004191	2.2
401	-0.203464	33.839388	122.934388	0.007787	2.8
402	-0.112012	33.923775	122.745506	0.002130	2.6
403	-0.237815	34.008163	122.557203	0.006970	2.2
404	-0.305867	34.092550	122.369478	0.005691	2.2
405	-0.039226	34.176938	122.182326	0.001261	2.3
406	-0.279690	34.261325	121.995746	0.005711	2.2
407	-0.136322	34.345713	121.809735	0.002522	2.2
408	-0.173225	34.430100	121.624290	0.004293	2.8
409	-0.321661	34.514488	121.439409	0.007504	2.3
410	-0.167353	34.598875	121.255089	0.003511	2.2
411	-0.293747	34.683263	121.071328	0.004958	2.2
412	-0.153641	34.767650	120.888124	0.006484	2.2
413	-0.264572	34.852038	120.705472	0.003663	2.3
414	-0.460272	34.936425	120.523372	0.007659	2.2
415	-0.340036	35.020813	120.341821	0.006125	2.7
416	-0.201865	35.105200	120.160815	0.003584	2.2
417	-0.193356	35.189588	119.980353	0.005211	2.3
418	-0.225140	35.273975	119.800433	0.006145	2.3
419	-0.208462	35.358363	119.621051	0.002738	2.2
420	-0.526721	35.442750	119.442206	0.007144	2.2
421	-0.299490	35.527138	119.263895	0.011383	2.3
422	-0.108435	35.611525	119.086115	0.005922	2.8
423	-0.048368	35.695913	118.908864	0.001159	2.2
424	-0.217184	35.780300	118.732141	0.002720	2.2
425	-0.354931	35.864688	118.555941	0.009027	2.3
426	-0.321767	35.949075	118.380265	0.010969	2.2
427	-0.182475	36.033463	118.205107	0.004355	2.2
428	-0.378284	36.117850	118.030468	0.005807	2.2
429	-0.215237	36.202238	117.856344	0.003979	2.8
430	-0.178857	36.286625	117.682732	0.004308	2.2
431	-0.276580	36.371013	117.509632	0.008993	2.2
432	-0.163004	36.455400	117.337040	0.003072	2.2
433	-0.166238	36.539788	117.164954	0.003724	2.2
434	-0.293060	36.624175	116.993372	0.010799	2.2
435	-0.382073	36.708563	116.822292	0.012186	2.2
436	-0.173333	36.792950	116.651712	0.003644	2.8
437	-0.254223	36.877338	116.481629	0.005395	2.2
438	-0.098656	36.961725	116.312041	0.005606	2.2
439	-0.155971	37.046113	116.142947	0.004460	2.3
440	-0.282950	37.130500	115.974343	0.006558	2.2
441	-0.184258	37.214888	115.806228	0.008067	2.2
442	-0.422880	37.299275	115.638600	0.009136	2.2
443	-0.062906	37.383663	115.471457	0.001499	2.8
444	-0.294284	37.468050	115.304796	0.005968	2.5
445	-0.163180	37.552438	115.138615	0.004351	2.2
446	-0.158434	37.636825	114.972913	0.003921	2.2
447	-0.223868	37.721213	114.807687	0.003630	2.2
448	-0.195399	37.805600	114.642935	0.004730	2.2
449	-0.046059	37.889988	114.478655	0.002094	2.3
450	-0.374997	37.974375	114.314845	0.008592	2.8
451	-0.060335	38.058763	114.151504	0.001948	2.3
452	-0.067612	38.143150	113.988629	0.001446	2.3
453	-0.223015	38.227538	113.826217	0.004419	2.2
454	-0.308965	38.311925	113.664268	0.007094	2.3
455	-0.166718	38.396313	113.502780	0.004518	2.3
456	-0.317338	38.480700	113.341749	0.004175	2.2
457	-0.200178	38.565088	113.181174	0.002671	2.7
458	-0.260173	38.649475	113.021054	0.002036	2.3
459	-0.354029	38.733863	112.861387	0.005910	2.2
460	-0.029257	38.818250	112.702170	0.001058	2.3
461	-0.185207	38.902638	112.543401	0.004152	2.3
462	-0.255036	38.987025	112.385079	0.005068	2.2
463	-0.315773	39.071413	112.227202	0.006328	2.3
464	-0.287736	39.155800	112.069768	0.004761	2.6
465	-0.184540	39.240188	111.912775	0.002119	2.3
466	-0.103129	39.324575	111.756221	0.002254	2.2
467	-0.045446	39.408963	111.600105	0.001803	2.2
468	-0.344415	39.493350	111.444424	0.010277	2.2
469	-0.230381	39.577738	111.289177	0.003865	2.3
470	-0.298741	39.662125	111.134362	0.006068	2.2
471	-0.346926	39.746513	110.979977	0.006083	2.6
472	-0.092327	39.830900	110.826020	0.001508	2.3
473	-0.340863	39.915288	110.672490	0.008608	2.3
474	-0.123871	39.999675	110.519385	0.001646	2.3
475	-0.379848	40.084063	110.366703	0.009766	2.2
476	-0.319133	40.168450	110.214442	0.010681	2.2
477	-0.169244	40.252838	110.062600	0.006260	2.4
478	-0.251712	40.337225	109.911176	0.009058	2.5
479	-0.315060	40.421613	109.760169	0.009069	2.3
480	-0.105536	40.506000	109.609576	0.002980	2.2
481	-0.314465	40.590388	109.459395	0.008613	2.2
482	-0.269456	40.674775	109.309626	0.004149	2.3
483	-0.537019	40.759163	109.160265	0.013735	2.2
484	-0.304816	40.843550	109.011313	0.005274	2.2
485	-0.255529	40.927938	108.862766	0.006209	2.8
486	-0.041411	41.012325	108.714623	0.001185	2.5
487	-0.254572	41.096713	108.566884	0.010524	2.4
488	-0.028160	41.181100	108.419545	0.001418	2.9
489	-0.233729	41.265488	108.272605	0.005000	2.6
490	-0.185287	41.349875	108.126064	0.008749	2.5
491	-0.192694	41.434263	107.979918	0.003073	3.0
492	-0.449577	41.518650	107.834167	0.004416	2.4
493	-0.214937	41.603038	107.688809	0.007852	2.4
494	-0.344075	41.687425	107.543843	0.006393	2.7
495	-0.258640	41.771813	107.399266	0.006725	2.3
496	-0.244564	41.856200	107.255077	0.003870	2.2
497	-0.324799	41.940588	107.111275	0.007819	2.7
498	-0.358045	42.024975	106.967858	0.007290	2.6
499	-0.323965	42.109363	106.824824	0.005925	2.4
500	-0.265271	42.193750	106.682173	0.005117	2.3
501	-0.302755	42.278138	106.539902	0.007312	2.2
502	-0.380202	42.362525	106.398010	0.010249	2.2
503	-0.176352	42.446913	106.256495	0.003235	2.3
504	-0.175506	42.531300	106.115357	0.008364	2.7
505	-0.411867	42.615688	105.974593	0.016155	2.2
506	-0.360463	42.700075	105.834201	0.003631	2.2
507	-0.190524	42.784463	105.694182	0.004135	2.2
508	-0.203096	42.868850	105.554532	0.002762	2.2
509	-0.315078	42.953238	105.415251	0.005090	2.2
510	-0.071629	43.037625	105.276337	0.002331	2.2
511	-0.369109	43.122013	105.137788	0.006339	2.8
512	-0.238996	43.206400	104.999604	0.008490	2.2
513	-0.057420	43.290788	104.861782	0.001559	2.2
514	-0.215078	43.375175	104.724322	0.005947	2.2
515	-0.330159	43.459563	104.587222	0.005187	2.2
516	-0.250029	43.543950	104.450480	0.005001	2.3
517	-0.229877	43.628338	104.314095	0.008651	2.3
518	-0.259360	43.712725	104.178066	0.002802	2.8
519	-0.205335	43.797113	104.042392	0.003356	2.2
520	-0.313032	43.881500	103.907070	0.010440	2.2
521	-0.586788	43.965888	103.772100	0.008577	2.4
522	-0.360096	44.050275	103.637480	0.008459	2.3
523	-0.127273	44.134663	103.503209	0.002235	2.2
524	-0.124762	44.219050	103.369285	0.001676	2.2
525	-0.264982	44.303438	103.235707	0.004314	2.9
526	-0.475978	44.387825	103.102475	0.006388	2.5
527	-0.119762	44.472213	102.969585	0.002812	2.2
528	-0.161696	44.556600	102.837038	0.003416	2.2
529	-0.072997	44.640988	102.704831	0.002821	2.3
530	-0.405229	44.725375	102.572965	0.007205	2.2
531	-0.393484	44.809763	102.441436	0.007578	2.4
532	-0.249767	44.894150	102.310244	0.005272	2.6
533	-0.072709	44.978538	102.179388	0.003251	2.2
534	-0.148729	45.062925	102.048866	0.003969	2.4
535	-0.254296	45.147313	101.918677	0.006584	2.2
536	-0.582346	45.231700	101.788820	0.004371	2.2
537	-0.364213	45.316088	101.659293	0.003702	2.3
538	-0.210049	45.400475	101.530095	0.005558	2.6
539	-0.315545	45.484863	101.401226	0.005626	2.4
540	-0.256824	45.569250	101.272683	0.006275	2.2
541	-0.446816	45.653638	101.144466	0.010392	2.3
542	-0.301075	45.738025	101.016573	0.006235	2.2
543	-0.205293	45.822413	100.889003	0.004514	2.2
544	-0.306200	45.906800	100.761755	0.007071	2.2
545	-0.205871	45.991188	100.634827	0.004218	2.7
546	-0.076790	46.075575	100.508219	0.002211	2.3
547	-0.149349	46.159963	100.381929	0.003661	2.2
548	-0.113158	46.244350	100.255955	0.001747	2.2
549	-0.247410	46.328738	100.130298	0.004048	2.3
550	-0.333120	46.413125	100.004955	0.007661	2.2
551	-0.169630	46.497513	99.879926	0.005525	2.2
552	-0.297697	46.581900	99.755209	0.005434	2.8
553	-0.380224	46.666288	99.630803	0.006040	2.4
554	-0.256522	46.750675	99.506707	0.005118	2.5
555	-0.153839	46.835063	99.382920	0.003066	2.2
556	-0.367464	46.919450	99.259440	0.013554	2.3
557	-0.397895	47.003838	99.136267	0.008085	2.2
558	-0.239184	47.088225	99.013399	0.007223	2.2
559	-0.296740	47.172613	98.890835	0.004625	2.6
560	-0.118864	47.257000	98.768574	0.002798	2.3
561	-0.161063	47.341388	98.646615	0.003529	2.3
562	-0.167572	47.425775	98.524957	0.001444	2.2
563	-0.145108	47.510163	98.403599	0.005503	2.3
564	-0.279760	47.594550	98.282539	0.004856	2.4
565	-0.292944	47.678938	98.161777	0.007245	2.2
566	-0.217387	47.763325	98.041311	0.006176	2.9
567	-0.235051	47.847713	97.921141	0.004542	2.5
568	-0.293098	47.932100	97.801265	0.008648	2.3
569	-0.511699	48.016488	97.681682	0.011079	2.2
570	-0.445872	48.100875	97.562391	0.007937	2.2
571	-0.236165	48.185263	97.443391	0.006871	2.2
572	-0.132310	48.269650	97.324681	0.001965	2.2
573	-0.193499	48.354038	97.206259	0.004022	2.8
574	-0.070359	48.438425	97.088126	0.002192	2.3
575	-0.568529	48.522813	96.970279	0.013883	2.2
576	-0.305658	48.607200	96.852719	0.006396	2.2
577	-0.252105	48.691588	96.735443	0.010967	2.2
578	-0.330586	48.775975	96.618450	0.005958	2.2
579	-0.269747	48.860363	96.501740	0.007007	2.3
580	-0.349924	48.944750	96.385312	0.007500	2.6
581	-0.427304	49.029138	96.269165	0.016927	2.2
582	-0.390735	49.113525	96.153297	0.010871	2.2
583	-0.092993	49.197913	96.037707	0.001292	2.2
584	-0.034996	49.282300	95.922395	0.000887	2.2
585	-0.276591	49.366688	95.807360	0.008394	2.3
586	-0.185958	49.451075	95.692600	0.004871	2.2
587	-0.287851	49.535463	95.578115	0.005732	2.7
588	-0.289761	49.619850	95.463904	0.005384	2.2
589	-0.295585	49.704238	95.349965	0.006457	2.2
590	-0.338807	49.788625	95.236298	0.012541	2.3
591	-0.239752	49.873013	95.122901	0.004126	2.3
592	-0.463029	49.957400	95.009774	0.014561	2.2
593	-0.453977	50.041788	94.896916	0.005795	2.3
594	-0.395544	50.126175	94.784326	0.007710	2.6
595	-0.137681	50.210563	94.672003	0.002063	2.3
596	-0.377765	50.294950	94.559945	0.010133	2.2
597	-0.178467	50.379338	94.448153	0.004356	2.3
598	-0.354253	50.463725	94.336624	0.005945	2.2
599	-0.391669	50.548113	94.225359	0.004299	2.2
600	-0.480165	50.632500	94.114355	0.004171	2.2
601	-0.467473	50.716888	94.003613	0.004982	2.7
602	-0.610691	50.801275	93.893132	0.006417	2.3
603	-0.214750	50.885663	93.782909	0.007235	2.3
604	-0.086162	50.970050	93.672945	0.003914	2.3
605	-0.373397	51.054438	93.563239	0.004859	2.2
606	-0.412190	51.138825	93.453789	0.009970	2.2
607	-0.334023	51.223213	93.344596	0.012142	2.4
608	-0.310082	51.307600	93.235657	0.002934	2.9
609	-0.196131	51.391988	93.126972	0.003744	2.7
610	-0.386365	51.476375	93.018540	0.007771	2.3
611	-0.121975	51.560763	92.910360	0.003836	2.2
612	-0.110486	51.645150	92.802432	0.003544	2.2
613	-0.195306	51.729538	92.694754	0.009645	2.2
614	-0.114090	51.813925	92.587325	0.002165	2.7
615	-0.266414	51.898313	92.480146	0.003217	2.3
616	-0.423852	51.982700	92.373214	0.009614	2.3
617	-0.214536	52.067088	92.266529	0.004487	2.2
618	-0.529299	52.151475	92.160091	0.008282	2.3
619	-0.156491	52.235863	92.053897	0.009095	2.2
620	-0.065058	52.320250	91.947948	0.002210	2.2
621	-0.520539	52.404638	91.842243	0.009721	2.7
622	-0.506561	52.489025	91.736781	0.006762	2.3
623	-0.298255	52.573413	91.631560	0.003719	2.2
624	-0.135623	52.657800	91.526580	0.003077	2.2
625	-0.350487	52.742188	91.421841	0.003871	2.3
626	-0.338121	52.826575	91.317341	0.006569	2.3
627	-0.380628	52.910963	91.213080	0.006744	2.2
628	-0.261747	52.995350	91.109057	0.007343	2.7
629	-0.451081	53.079738	91.005271	0.010738	2.2
630	-0.046813	53.164125	90.901720	0.001813	2.2
631	-0.051143	53.248513	90.798406	0.002225	2.2
632	-0.195807	53.332900	90.695325	0.004571	2.4
633	-0.133039	53.417288	90.592479	0.002889	2.2
634	-0.088489	53.501675	90.489866	0.003171	2.2
635	-0.250415	53.586063	90.387484	0.007486	2.7
636	-0.567029	53.670450	90.285335	0.006093	2.2
637	-0.443988	53.754838	90.183415	0.011111	2.3
638	-0.278662	53.839225	90.081726	0.004428	2.3
639	-0.176701	53.923613	89.980266	0.006202	2.2
640	-0.168873	54.008000	89.879034	0.002612	2.3
641	-0.099174	54.092388	89.778029	0.002659	2.2
642	-0.297823	54.176775	89.677251	0.003456	2.6
643	-0.189684	54.261163	89.576700	0.004793	2.3
644	-0.259782	54.345551	89.476373	0.009136	2.2
645	-0.227342	54.429938	89.376271	0.004478	2.3
646	-0.467037	54.514326	89.276393	0.004166	2.2
647	-0.126845	54.598713	89.176738	0.001406	2.3
648	-0.114997	54.683101	89.077305	0.006440	2.3
649	-0.277506	54.767488	88.978093	0.004660	2.8
650	-0.077099	54.851876	88.879102	0.002598	2.6
651	-0.167167	54.936263	88.780331	0.004488	2.3
652	-0.446595	55.020651	88.681780	0.006698	2.3
653	-0.105407	55.105038	88.583447	0.002239	2.2
654	-0.125499	55.189426	88.485332	0.003263	2.2
655	-0.234141	55.273813	88.387434	0.006600	2.2
656	-0.399482	55.358201	88.289752	0.004430	2.8
657	-0.323143	55.442588	88.192286	0.006104	2.2
658	-0.261429	55.526976	88.095035	0.004837	2.2
659	-0.434746	55.611363	87.997998	0.007013	2.3
660	-0.165305	55.695751	87.901175	0.004559	2.2
661	-0.145210	55.780138	87.804565	0.003678	2.3
662	-0.211599	55.864526	87.708167	0.004414	2.2
663	-0.104168	55.948913	87.611980	0.002197	2.8
664	-0.225647	56.033301	87.516004	0.002382	2.2
665	-0.300821	56.117688	87.420238	0.011150	2.2
666	-0.205517	56.202076	87.324681	0.005465	2.3
667	-0.163632	56.286463	87.229333	0.004463	2.2
668	-0.430477	56.370851	87.134193	0.005579	2.2
669	-0.056005	56.455238	87.039260	0.004651	2.2
670	-0.316961	56.539626	86.944534	0.007450	2.7
671	-0.197799	56.624013	86.850014	0.006728	2.1
672	-0.054841	56.708401	86.755699	0.001613	2.2
673	-0.313704	56.792788	86.661589	0.007440	2.3
674	-0.373578	56.877176	86.567682	0.013016	2.3
675	-0.204539	56.961563	86.473979	0.006218	2.2
676	-0.364981	57.045951	86.380479	0.005486	2.1
677	-0.043415	57.130338	86.287181	0.001102	2.8
678	-0.371398	57.214726	86.194084	0.003497	2.2
679	-0.360119	57.299113	86.101187	0.005005	2.2
680	-0.427833	57.383501	86.008491	0.007783	2.2
681	-0.423911	57.467888	85.915994	0.016750	2.3
682	-0.460457	57.552276	85.823696	0.007744	2.2
683	-0.367311	57.636663	85.731596	0.008436	2.2
684	-0.368319	57.721051	85.639693	0.004975	2.7
685	-0.192982	57.805438	85.547987	0.004408	2.2
686	-0.254915	57.889826	85.456478	0.005386	2.2
687	-0.280999	57.974213	85.365163	0.006089	2.3
688	-0.255965	58.058601	85.274044	0.004649	2.3
689	-0.251054	58.142988	85.183119	0.003529	2.2
690	-0.196479	58.227376	85.092388	0.002298	2.3
691	-0.274216	58.311763	85.001850	0.005466	2.7
692	-0.482920	58.396151	84.911505	0.009907	2.3
693	-0.349743	58.480538	84.821351	0.005303	2.4
694	-0.499275	58.564926	84.731388	0.017150	2.2
695	-0.297234	58.649313	84.641616	0.004211	2.2
696	-0.140630	58.733701	84.552035	0.002781	2.2
697	-0.377372	58.818088	84.462642	0.010654	2.1
698	-0.384173	58.902476	84.373438	0.004460	3.0
699	-0.296491	58.986863	84.284423	0.003924	2.5
700	-0.175491	59.071251	84.195595	0.008355	2.2
701	-0.358509	59.155638	84.106955	0.003508	2.2
702	-0.163888	59.240026	84.018500	0.002005	2.3
703	-0.511956	59.324413	83.930232	0.007175	2.2
704	-0.267392	59.408801	83.842149	0.008025	2.6
705	-0.142999	59.493188	83.754250	0.002581	2.4
706	-0.164542	59.577576	83.666536	0.004052	2.2
707	-0.173246	59.661963	83.579005	0.003123	2.3
708	-0.047064	59.746351	83.491657	0.000620	2.2
709	-0.244621	59.830738	83.404491	0.003336	2.2
710	-0.610693	59.915126	83.317508	0.008477	2.2
711	-0.281725	59.999513	83.230705	0.004564	2.5
712	-0.157279	60.083901	83.144084	0.004003	2.5
713	-0.291028	60.168288	83.057642	0.004439	2.2
714	-0.132875	60.252676	82.971380	0.005056	2.2
715	-0.394667	60.337063	82.885297	0.008336	2.2
716	-0.081654	60.421451	82.799392	0.001101	2.3
717	-0.390676	60.505838	82.713665	0.006836	2.2
718	-0.267121	60.590226	82.628116	0.004826	2.7
719	-0.178519	60.674613	82.542743	0.009517	2.4
720	-0.390563	60.759001	82.457547	0.011594	2.3
721	-0.374976	60.843388	82.372526	0.007456	2.2
722	-0.345735	60.927776	82.287680	0.004799	2.3
723	-0.239225	61.012163	82.203009	0.003727	2.2
724	-0.147678	61.096551	82.118512	0.001578	2.2
725	-0.085111	61.180938	82.034189	0.002050	2.6
726	-0.329285	61.265326	81.950039	0.003684	2.3
727	-0.190757	61.349713	81.866061	0.004898	2.2
728	-0.211055	61.434101	81.782255	0.002926	2.1
729	-0.257710	61.518488	81.698620	0.005343	2.2
730	-0.391938	61.602876	81.615156	0.012858	2.3
731	-0.205392	61.687263	81.531863	0.005945	2.3
732	-0.647865	61.771651	81.448739	0.003989	2.6
733	-0.325997	61.856038	81.365785	0.008754	2.3
734	-0.296403	61.940426	81.283000	0.005873	2.2
735	-0.288238	62.024813	81.200383	0.003654	2.3
736	-0.444464	62.109201	81.117933	0.006395	2.2
737	-0.222887	62.193588	81.035651	0.007250	2.2
738	-0.523563	62.277976	80.953536	0.016294	2.4
739	-0.143500	62.362363	80.871587	0.004372	2.7
740	-0.471563	62.446751	80.789804	0.004782	2.6
741	-0.205754	62.531138	80.708186	0.002761	2.3
742	-0.234247	62.615526	80.626732	0.004656	2.3
743	-0.247028	62.699913	80.545443	0.006536	2.2
744	-0.298477	62.784301	80.464318	0.006411	2.3
745	-0.157508	62.868688	80.383356	0.003665	2.2
746	-0.534207	62.953076	80.302557	0.019205	2.8
747	-0.073645	63.037463	80.221920	0.001597	2.3
748	-0.238536	63.121851	80.141444	0.004683	2.3
749	-0.152055	63.206238	80.061130	0.005947	2.3
750	-0.347920	63.290626	79.980977	0.003989	2.3
751	-0.255187	63.375013	79.900984	0.004965	2.1
752	-0.571455	63.459401	79.821151	0.007836	2.3
753	-0.065074	63.543788	79.741478	0.002280	2.8
754	-0.324033	63.628176	79.661963	0.004771	2.2
755	-0.184171	63.712563	79.582607	0.002875	2.2
756	-0.359978	63.796951	79.503409	0.009447	2.2
757	-0.357086	63.881338	79.424368	0.006622	2.3
758	-0.550608	63.965726	79.345484	0.007840	2.3
759	-0.449456	64.050113	79.266756	0.008405	2.2
760	-0.279792	64.134501	79.188185	0.005019	2.7
761	-0.142826	64.218888	79.109770	0.002846	2.2
762	-0.470523	64.303276	79.031509	0.009208	2.2
763	-0.186338	64.387663	78.953403	0.003072	2.3
764	-0.534935	64.472051	78.875452	0.009375	2.2
765	-0.381891	64.556438	78.797654	0.013844	2.4
766	-0.047833	64.640826	78.720009	0.002909	2.3
767	-0.572401	64.725213	78.642518	0.004799	2.9
768	-0.061685	64.809601	78.565179	0.001548	2.4
769	-0.204433	64.893988	78.487991	0.003599	2.2
770	-0.578260	64.978376	78.410956	0.007331	2.3
771	-0.201672	65.062763	78.334071	0.003902	2.3
772	-0.040377	65.147151	78.257337	0.002017	2.3
773	-0.419424	65.231538	78.180753	0.011935	2.2
774	-0.216944	65.315926	78.104319	0.003635	2.7
775	-0.171426	65.400313	78.028034	0.010683	2.2
776	-0.058117	65.484701	77.951898	0.001660	2.2
777	-0.322863	65.569088	77.875911	0.004478	2.3
778	-0.283026	65.653476	77.800072	0.005935	2.2
779	-0.240751	65.737863	77.724380	0.008652	2.2
780	-0.233098	65.822251	77.648835	0.005313	2.2
781	-0.079324	65.906638	77.573437	0.002263	2.9
782	-0.435907	65.991026	77.498185	0.006630	2.5
783	-0.386528	66.075413	77.423079	0.005463	2.2
784	-0.074537	66.159801	77.348119	0.003377	2.2
785	-0.434060	66.244188	77.273303	0.005135	2.3
786	-0.306194	66.328576	77.198632	0.003766	2.2
787	-0.072237	66.412963	77.124106	0.001915	2.3
788	-0.271305	66.497351	77.049723	0.004792	2.5
789	-0.201629	66.581738	76.975483	0.002780	2.3
790	-0.129189	66.666126	76.901386	0.002917	2.3
791	-0.102525	66.750513	76.827432	0.002295	2.2
792	-0.270709	66.834901	76.753620	0.005450	2.2
793	-0.366853	66.919288	76.679950	0.003018	2.3
794	-0.046690	67.003676	76.606421	0.001505	2.5
795	-0.160302	67.088063	76.533033	0.003890	2.5
796	-0.241792	67.172451	76.459785	0.008817	2.2
797	-0.651828	67.256838	76.386677	0.006036	2.3
798	-0.203972	67.341226	76.313709	0.006107	2.4
799	-0.365723	67.425613	76.240880	0.005383	2.2
800	-0.558482	67.510001	76.168191	0.015780	2.3
801	-0.361666	67.594388	76.095639	0.009287	2.6
802	-0.073926	67.678776	76.023226	0.002687	2.4
803	-0.102546	67.763163	75.950950	0.003069	2.2
804	-0.530557	67.847551	75.878812	0.006513	2.2
805	-0.340794	67.931938	75.806811	0.008204	2.3
806	-0.357918	68.016326	75.734946	0.003526	2.2
807	-0.486302	68.100713	75.663217	0.009322	2.2
808	-0.383453	68.185101	75.591624	0.010595	2.5
809	-0.169914	68.269488	75.520166	0.003398	2.4
810	-0.468895	68.353876	75.448844	0.008546	2.2
811	-0.351626	68.438263	75.377656	0.006771	2.2
812	-0.392643	68.522651	75.306602	0.009547	2.2
813	-0.353247	68.607038	75.235682	0.006098	2.3
814	-0.571412	68.691426	75.164895	0.007513	2.2
815	-0.505833	68.775813	75.094242	0.012069	2.5
816	-0.130540	68.860201	75.023721	0.003729	2.5
817	-0.178528	68.944588	74.953332	0.004853	2.3
818	-0.355393	69.028976	74.883076	0.004994	2.2
819	-0.232859	69.113363	74.812951	0.005289	2.3
820	-0.346702	69.197751	74.742957	0.009103	2.2
821	-0.232285	69.282138	74.673094	0.003935	2.3
822	-0.426731	69.366526	74.603362	0.006369	2.6
823	-0.203563	69.450913	74.533759	0.002943	2.6
824	-0.381095	69.535301	74.464287	0.009183	2.4
825	-0.276921	69.619688	74.394944	0.004588	2.2
826	-0.116557	69.704076	74.325730	0.003952	2.3
827	-0.547716	69.788463	74.256644	0.008176	2.2
828	-0.350803	69.872851	74.187687	0.008505	2.3
829	-0.313676	69.957238	74.118858	0.003334	2.6
830	-0.187349	70.041626	74.050156	0.002570	2.3
831	-0.076829	70.126013	73.981582	0.001316	2.3
832	-0.409512	70.210401	73.913134	0.005402	2.3
833	-0.582882	70.294788	73.844813	0.006490	2.2
834	-0.452987	70.379176	73.776619	0.013047	2.2
835	-0.225039	70.463563	73.708550	0.005253	2.2
836	-0.290383	70.547951	73.640606	0.006320	2.7
837	-0.711139	70.632338	73.572788	0.005370	2.2
838	-0.203722	70.716726	73.505095	0.005305	2.3
839	-0.185257	70.801113	73.437526	0.008534	2.2
840	-0.340704	70.885501	73.370081	0.006676	2.2
841	-0.373729	70.969888	73.302760	0.006174	2.3
842	-0.338536	71.054276	73.235562	0.005155	2.3
843	-0.515602	71.138663	73.168487	0.003751	2.7
844	-0.204693	71.223051	73.101535	0.003722	2.2
845	-0.220323	71.307438	73.034706	0.004756	2.2
846	-0.198540	71.391826	72.967999	0.007095	2.3
847	-0.332450	71.476213	72.901413	0.004789	2.2
848	-0.466702	71.560601	72.834949	0.013809	2.3
849	-0.489724	71.644988	72.768606	0.008509	2.3
850	-0.519038	71.729376	72.702383	0.011662	2.6
851	-0.453774	71.813763	72.636281	0.010622	2.2
852	-0.335094	71.898151	72.570299	0.010460	2.2
853	-0.567926	71.982538	72.504437	0.005268	2.3
854	-0.275686	72.066926	72.438695	0.004007	2.3
855	-0.198282	72.151313	72.373071	0.004970	2.2
856	-0.220920	72.235701	72.307566	0.006216	2.1
857	-0.477281	72.320088	72.242180	0.009890	2.6
858	-0.147171	72.404476	72.176912	0.003538	2.2
859	-0.591838	72.488863	72.111761	0.006670	2.3
860	-0.090341	72.573251	72.046729	0.002516	2.3
861	-0.519159	72.657638	71.981813	0.013941	2.2
862	-0.429316	72.742026	71.917014	0.008741	2.1
863	-0.524371	72.826413	71.852332	0.006377	2.2
864	-0.395659	72.910801	71.787766	0.011941	2.7
865	-0.225809	72.995188	71.723316	0.005989	2.6
866	-0.445786	73.079576	71.658982	0.017202	2.3
867	-0.031697	73.163963	71.594763	0.001751	2.3
868	-0.186823	73.248351	71.530659	0.003439	2.6
869	-0.158667	73.332738	71.466669	0.007072	2.2
870	-0.215733	73.417126	71.402794	0.003339	2.2
871	-0.370679	73.501513	71.339033	0.011550	2.9
872	-0.162179	73.585901	71.275386	0.002346	2.2
873	-0.317687	73.670288	71.211853	0.009131	2.3
874	-0.189553	73.754676	71.148432	0.004271	2.2
875	-0.139104	73.839063	71.085124	0.001926	2.2
876	-0.430958	73.923451	71.021929	0.006813	2.2
877	-0.389060	74.007838	70.958846	0.003467	2.2
878	-0.245357	74.092226	70.895876	0.003195	2.8
879	-0.382133	74.176613	70.833016	0.009390	2.2
880	-0.435632	74.261001	70.770269	0.008432	2.2
881	-0.437325	74.345388	70.707632	0.009899	2.2
882	-0.087905	74.429776	70.645106	0.002788	2.3
883	-0.189296	74.514163	70.582690	0.003974	2.2
884	-0.088548	74.598551	70.520385	0.002128	2.3
885	-0.281947	74.682938	70.458190	0.004762	2.7
886	-0.371596	74.767326	70.396104	0.006308	2.2
887	-0.360095	74.851713	70.334127	0.003842	2.2
888	-0.283808	74.936101	70.272260	0.005200	2.3
889	-0.204951	75.020488	70.210501	0.011781	2.3
890	-0.177348	75.104876	70.148851	0.003492	2.2
891	-0.394270	75.189263	70.087309	0.008356	2.2
892	-0.215544	75.273651	70.025875	0.007503	2.8
893	-0.483659	75.358038	69.964548	0.009326	2.2
894	-0.268551	75.442426	69.903329	0.005259	2.2
895	-0.206490	75.526813	69.842217	0.003507	2.3
896	-0.196189	75.611201	69.781211	0.005605	2.2
897	-0.633969	75.695588	69.720312	0.004606	2.2
898	-0.238632	75.779976	69.659519	0.005231	2.3
899	-0.042313	75.864363	69.598833	0.001460	2.8
900	-0.245256	75.948751	69.538251	0.003203	2.2
901	-0.452568	76.033138	69.477776	0.003644	2.2
902	-0.409500	76.117526	69.417405	0.008897	2.4
903	-0.273054	76.201913	69.357139	0.004452	2.2
904	-0.031999	76.286301	69.296978	0.001593	2.2
905	-0.257670	76.370688	69.236921	0.004506	2.3
906	-0.468085	76.455076	69.176967	0.013083	3.0
907	-0.275183	76.539463	69.117118	0.008721	6.2
908	-0.200892	76.623851	69.057372	0.002599	5.3
909	-0.157335	76.708238	68.997730	0.003530	6.2
910	-0.129684	76.792626	68.938190	0.005086	6.1
911	-0.105052	76.877013	68.878753	0.002271	4.6
912	-0.156856	76.961401	68.819418	0.004807	2.9
913	-0.698410	77.045788	68.760186	0.005989	3.9
914	-0.368847	77.130176	68.701055	0.006999	3.3
915	-0.121159	77.214563	68.642026	0.002072	2.3
916	-0.045480	77.298951	68.583098	0.001137	2.3
917	-0.429504	77.383338	68.524272	0.009599	2.3
918	-0.483701	77.467726	68.465546	0.003865	3.1
919	-0.291401	77.552113	68.406921	0.003752	2.4
920	-0.420415	77.636501	68.348396	0.005802	2.3
921	-0.363825	77.720888	68.289971	0.004417	2.3
922	-0.174173	77.805276	68.231646	0.011842	2.2
923	-0.501937	77.889663	68.173421	0.005748	2.4
924	-0.433454	77.974051	68.115294	0.014287	2.4
925	-0.072982	78.058438	68.057267	0.001409	2.4
926	-0.212704	78.142826	67.999339	0.002128	2.2
927	-0.027366	78.227213	67.941509	0.001615	2.2
928	-0.290246	78.311601	67.883777	0.007240	2.2
929	-0.389226	78.395988	67.826144	0.009181	2.3
930	-0.391980	78.480376	67.768608	0.006894	2.2
931	-0.312483	78.564763	67.711170	0.011720	2.4
932	-0.205962	78.649151	67.653829	0.004153	2.5
933	-0.446147	78.733538	67.596585	0.011212	2.2
934	-0.174843	78.817926	67.539438	0.011826	2.3
935	-0.297411	78.902313	67.482387	0.007891	2.4
936	-0.190502	78.986701	67.425433	0.007247	2.2
937	-0.166901	79.071088	67.368575	0.003309	2.2
938	-0.499630	79.155476	67.311812	0.015281	2.3
939	-0.255401	79.239863	67.255146	0.009189	2.7
940	-0.394893	79.324251	67.198574	0.010545	2.5
941	-0.178754	79.408638	67.142098	0.003114	2.2
942	-0.374450	79.493026	67.085716	0.009515	2.2
943	-0.575694	79.577413	67.029429	0.005822	2.3
944	-0.619476	79.661801	66.973237	0.009542	2.2
945	-0.475104	79.746188	66.917138	0.009310	2.7
946	-0.216614	79.830576	66.861134	0.004107	2.4
947	-0.382428	79.914963	66.805223	0.007122	2.2
948	-0.163859	79.999351	66.749405	0.004124	2.3
949	-0.358200	80.083738	66.693681	0.008432	2.2
950	-0.149729	80.168126	66.638050	0.003209	2.2
951	-0.496296	80.252513	66.582511	0.004325	2.3
952	-0.186910	80.336901	66.527065	0.001802	2.7
953	-0.257402	80.421288	66.471711	0.002822	2.3
954	-0.223085	80.505676	66.416450	0.003690	2.2
955	-0.515251	80.590063	66.361280	0.005468	2.4
956	-0.273984	80.674451	66.306201	0.007218	2.2
957	-0.126051	80.758838	66.251214	0.002517	2.3
958	-0.328580	80.843226	66.196318	0.003881	2.2
959	-0.332848	80.927613	66.141513	0.007824	2.7
960	-0.447008	81.012001	66.086799	0.011918	2.3
961	-0.200498	81.096388	66.032175	0.003997	2.2
962	-0.393128	81.180776	65.977642	0.007025	2.3
963	-0.645410	81.265163	65.923198	0.012492	2.6
964	-0.277135	81.349551	65.868844	0.003723	2.2
965	-0.252996	81.433938	65.814580	0.011927	2.3
966	-0.152470	81.518326	65.760405	0.001637	2.8
967	-0.434116	81.602713	65.706319	0.006696	2.2
968	-0.269004	81.687101	65.652322	0.007895	2.2
969	-0.475913	81.771488	65.598414	0.003431	2.3
970	-0.483601	81.855876	65.544594	0.005278	2.2
971	-0.154265	81.940263	65.490862	0.007223	2.2
972	-0.185452	82.024651	65.437219	0.007648	2.3
973	-0.094865	82.109038	65.383663	0.001940	2.8
974	-0.097106	82.193426	65.330195	0.001399	2.2
975	-0.272744	82.277813	65.276814	0.006681	2.2
976	-0.218024	82.362201	65.223520	0.003566	2.2
977	-0.383252	82.446588	65.170314	0.010896	2.4
978	-0.510383	82.530976	65.117194	0.006098	2.2
979	-0.367626	82.615363	65.064160	0.011340	2.2
980	-0.220085	82.699751	65.011213	0.003045	2.8
981	-0.257616	82.784138	64.958352	0.007921	2.5
982	-0.495938	82.868526	64.905577	0.005667	2.2
983	-0.417732	82.952913	64.852888	0.010611	2.2
984	-0.394546	83.037301	64.800284	0.004667	2.2
985	-0.137418	83.121688	64.747765	0.002708	2.2
986	-0.330919	83.206076	64.695331	0.007325	2.2
987	-0.422937	83.290463	64.642983	0.011959	2.8
988	-0.540788	83.374851	64.590718	0.009609	2.2
989	-0.427366	83.459238	64.538539	0.008775	2.3
990	-0.131542	83.543626	64.486443	0.002826	2.2
991	-0.252350	83.628013	64.434432	0.010085	2.2
992	-0.126473	83.712401	64.382504	0.001698	2.2
993	-0.343716	83.796788	64.330660	0.006427	2.3
994	-0.453392	83.881176	64.278900	0.002964	2.6
995	-0.410997	83.965563	64.227223	0.006503	2.2
996	-0.452450	84.049951	64.175628	0.007680	2.2
997	-0.326165	84.134338	64.124117	0.005882	2.2
998	-0.265440	84.218726	64.072688	0.004864	2.3
999	-0.231933	84.303113	64.021342	0.004192	2.2
1000	-0.263203	84.387501	63.970078	0.002401	2.3
1001	-0.197950	84.471888	63.918895	0.003274	2.6
1002	-0.521420	84.556276	63.867795	0.004218	2.2
1003	-0.093113	84.640663	63.816777	0.003767	2.3
1004	-0.354240	84.725051	63.765839	0.009193	2.3
1005	-0.232601	84.809438	63.714983	0.002266	2.3
1006	-0.383391	84.893826	63.664208	0.013783	2.2
1007	-0.608796	84.978213	63.613514	0.005530	2.4
1008	-0.438042	85.062601	63.562901	0.013704	2.5
1009	-0.260941	85.146988	63.512368	0.003558	2.2
1010	-0.190168	85.231376	63.461916	0.002420	2.3
1011	-0.198293	85.315763	63.411543	0.002990	2.2
1012	-0.436333	85.400151	63.361250	0.003394	2.2
1013	-0.418553	85.484538	63.311038	0.010741	2.3
1014	-0.508292	85.568926	63.260904	0.007679	2.3
1015	-0.195254	85.653313	63.210850	0.002824	2.5
1016	-0.154672	85.737701	63.160875	0.006262	2.6
1017	-0.115379	85.822088	63.110979	0.006278	2.4
1018	-0.207300	85.906476	63.061162	0.004777	2.2
1019	-0.083595	85.990863	63.011424	0.001717	2.3
1020	-0.657976	86.075251	62.961763	0.010269	2.3
1021	-0.155636	86.159638	62.912181	0.003687	2.7
1022	-0.139470	86.244026	62.862677	0.008644	2.7
1023	-0.442537	86.328413	62.813251	0.004570	2.3
1024	-0.326468	86.412801	62.763903	0.002591	2.2
1025	-0.250433	86.497188	62.714632	0.009112	2.2
1026	-0.410209	86.581576	62.665438	0.006710	2.3
1027	-0.310714	86.665963	62.616322	0.006297	2.2
1028	-0.162005	86.750351	62.567282	0.002213	2.8
1029	-0.307354	86.834738	62.518319	0.007279	2.3
1030	-0.314187	86.919126	62.469433	0.003159	2.2
1031	-0.174858	87.003513	62.420623	0.006677	2.2
1032	-0.417533	87.087901	62.371889	0.007811	2.2
1033	-0.366462	87.172288	62.323232	0.008348	2.3
1034	-0.102963	87.256676	62.274650	0.006070	2.2
1035	-0.293222	87.341063	62.226144	0.003977	2.8
1036	-0.244359	87.425451	62.177713	0.004003	2.2
1037	-0.083582	87.509838	62.129358	0.001968	2.3
1038	-0.413777	87.594226	62.081078	0.015404	2.3
1039	-0.467769	87.678613	62.032873	0.011309	2.3
1040	-0.491421	87.763001	61.984743	0.005136	2.3
1041	-0.381811	87.847388	61.936687	0.008808	2.3
1042	-0.241092	87.931776	61.888706	0.004426	2.8
1043	-0.390188	88.016163	61.840799	0.005326	2.2
1044	-0.478973	88.100551	61.792966	0.005215	2.5
1045	-0.064874	88.184938	61.745207	0.003009	2.3
1046	-0.098994	88.269326	61.697522	0.001584	2.3
1047	-0.312723	88.353713	61.649910	0.006457	2.2
1048	-0.351137	88.438101	61.602372	0.004883	2.1
1049	-0.269805	88.522488	61.554907	0.006519	2.7
1050	-0.544387	88.606876	61.507515	0.014690	2.2
1051	-0.515122	88.691263	61.460197	0.015174	2.3
1052	-0.174527	88.775651	61.412950	0.002516	2.2
1053	-0.213925	88.860038	61.365777	0.001976	2.3
1054	-0.379833	88.944426	61.318676	0.006987	2.3
1055	-0.534432	89.028813	61.271647	0.004005	2.2
1056	-0.239180	89.113201	61.224690	0.004753	2.6
1057	-0.184068	89.197588	61.177805	0.007425	2.2
1058	-0.403724	89.281976	61.130992	0.013579	2.2
1059	-0.447428	89.366363	61.084251	0.005762	2.2
1060	-0.150327	89.450751	61.037581	0.002609	2.3
1061	-0.435127	89.535138	60.990982	0.007577	2.2
1062	-0.281066	89.619526	60.944454	0.002783	2.2
1063	-0.726681	89.703913	60.897997	0.014351	2.9
1064	-0.090590	89.788301	60.851611	0.003227	2.5
1065	-0.204426	89.872688	60.805296	0.003256	2.2
1066	-0.566549	89.957076	60.759051	0.004733	2.3
1067	-0.624669	90.041463	60.712876	0.005627	2.2
1068	-0.463511	90.125851	60.666772	0.007655	2.3
1069	-0.111833	90.210238	60.620737	0.002844	2.7
1070	-0.287776	90.294626	60.574772	0.007352	2.5
1071	-0.154121	90.379013	60.528877	0.002870	2.2
1072	-0.553278	90.463401	60.483051	0.004156	2.2
1073	-0.462134	90.547788	60.437295	0.016356	2.3
1074	-0.210171	90.632176	60.391608	0.002929	2.2
1075	-0.056158	90.716563	60.345990	0.001179	2.2
1076	-0.464486	90.800951	60.300441	0.008024	2.6
1077	-0.524998	90.885338	60.254960	0.009383	2.3
1078	-0.120324	90.969726	60.209548	0.001634	2.2
1079	-0.422542	91.054113	60.164205	0.011235	2.3
1080	-0.177738	91.138501	60.118929	0.005389	2.2
1081	-0.116277	91.222888	60.073722	0.002176	2.2
1082	-0.432807	91.307276	60.028583	0.006094	2.3
1083	-0.436600	91.391663	59.983511	0.013874	2.7
1084	-0.071885	91.476051	59.938507	0.002332	2.3
1085	-0.454957	91.560438	59.893571	0.010416	2.2
1086	-0.425428	91.644826	59.848702	0.006884	2.2
1087	-0.099819	91.729213	59.803900	0.003715	2.2
1088	-0.121311	91.813601	59.759165	0.006253	2.2
1089	-0.385829	91.897988	59.714497	0.003125	2.3
1090	-0.319802	91.982376	59.669896	0.008021	2.7
1091	-0.139056	92.066763	59.625361	0.007815	2.2
1092	-0.517729	92.151151	59.580893	0.004931	2.2
1093	-0.393274	92.235538	59.536491	0.008908	2.3
1094	-0.161872	92.319926	59.492155	0.003416	2.3
1095	-0.253340	92.404313	59.447885	0.004723	2.2
1096	-0.305896	92.488701	59.403681	0.007198	2.2
1097	-0.267405	92.573088	59.359543	0.005412	2.6
1098	-0.281141	92.657476	59.315470	0.005713	2.3
1099	-0.450865	92.741863	59.271463	0.006146	2.2
1100	-0.463337	92.826251	59.227520	0.011726	2.2
1101	-0.211863	92.910638	59.183643	0.005865	2.3
1102	-0.287378	92.995026	59.139831	0.008550	2.3
1103	-0.526828	93.079413	59.096084	0.009695	2.3
1104	-0.115634	93.163801	59.052401	0.001867	3.0
1105	-0.464132	93.248188	59.008783	0.005305	2.5
1106	-0.145206	93.332576	58.965230	0.002610	2.3
1107	-0.398197	93.416963	58.921740	0.007454	2.2
1108	-0.192065	93.501351	58.878315	0.004745	2.3
1109	-0.371545	93.585738	58.834954	0.012924	2.2
1110	-0.406616	93.670126	58.791656	0.009212	2.3
1111	-0.128381	93.754513	58.748422	0.005945	2.8
1112	-0.193692	93.838901	58.705252	0.002051	2.3
1113	-0.252640	93.923288	58.662145	0.004994	2.2
1114	-0.347487	94.007676	58.619101	0.006038	2.2
1115	-0.174905	94.092063	58.576121	0.007693	2.3
1116	-0.207872	94.176451	58.533203	0.005232	2.2
1117	-0.224358	94.260838	58.490348	0.005630	2.3
1118	-0.090435	94.345226	58.447556	0.001972	2.9
1119	-0.166174	94.429613	58.404827	0.002916	2.2
1120	-0.171813	94.514001	58.362160	0.005897	2.3
1121	-0.235647	94.598388	58.319555	0.002198	2.3
1122	-0.522307	94.682776	58.277013	0.004723	2.3
1123	-0.247756	94.767163	58.234532	0.005142	2.2
1124	-0.391255	94.851551	58.192114	0.010680	2.2
1125	-0.216860	94.935938	58.149757	0.005409	2.8
1126	-0.260896	95.020326	58.107461	0.002117	2.2
1127	-0.225668	95.104713	58.065228	0.005013	2.2
1128	-0.398719	95.189101	58.023055	0.008644	2.2
1129	-0.492296	95.273488	57.980944	0.005485	2.2
1130	-0.450283	95.357876	57.938894	0.013638	2.1
1131	-0.169715	95.442263	57.896904	0.004145	2.3
1132	-0.251360	95.526651	57.854976	0.005358	2.8
1133	-0.106745	95.611038	57.813108	0.002598	2.2
1134	-0.569936	95.695426	57.771301	0.010041	2.2
1135	-0.166308	95.779813	57.729555	0.004137	2.3
1136	-0.177918	95.864201	57.687868	0.004533	2.3
1137	-0.327630	95.948588	57.646242	0.008108	2.3
1138	-0.186865	96.032976	57.604676	0.002454	2.3
1139	-0.472597	96.117363	57.563169	0.010727	2.7
1140	-0.525075	96.201751	57.521723	0.008902	2.3
1141	-0.109811	96.286138	57.480336	0.002678	2.2
1142	-0.495256	96.370526	57.439008	0.006777	2.2
1143	-0.283550	96.454913	57.397740	0.004152	2.2
1144	-0.331146	96.539301	57.356531	0.005644	2.2
1145	-0.582508	96.623688	57.315382	0.011883	2.4
1146	-0.132077	96.708076	57.274291	0.002523	2.9
1147	-0.266582	96.792463	57.233259	0.006606	2.5
1148	-0.224637	96.876851	57.192286	0.005664	2.2
1149	-0.585515	96.961238	57.151372	0.005771	2.2
1150	-0.519123	97.045626	57.110516	0.008389	2.2
1151	-0.160518	97.130013	57.069718	0.002479	2.3
1152	-0.197653	97.214401	57.028979	0.006755	2.8
1153	-0.267801	97.298788	56.988298	0.010842	2.4
1154	-0.506604	97.383176	56.947675	0.006795	2.2
1155	-0.371535	97.467563	56.907109	0.004147	2.3
1156	-0.250001	97.551951	56.866602	0.008819	2.3
1157	-0.504099	97.636338	56.826152	0.014913	2.2
1158	-0.212584	97.720726	56.785760	0.008604	2.1
1159	-0.431354	97.805113	56.745425	0.009349	2.8
1160	-0.472562	97.889501	56.705147	0.006890	2.2
1161	-0.241413	97.973888	56.664926	0.005776	2.3
1162	-0.442052	98.058276	56.624763	0.003770	2.3
1163	-0.325806	98.142663	56.584656	0.005099	2.2
1164	-0.331805	98.227051	56.544606	0.008417	2.2
1165	-0.036114	98.311438	56.504613	0.000513	2.2
1166	-0.252048	98.395826	56.464676	0.004147	2.7
1167	-0.107827	98.480213	56.424795	0.004413	2.2
1168	-0.420174	98.564601	56.384971	0.002801	2.2
1169	-0.470439	98.648988	56.345204	0.015928	2.3
1170	-0.286409	98.733376	56.305492	0.004796	2.3
1171	-0.159497	98.817763	56.265836	0.003887	2.4
1172	-0.180067	98.902151	56.226236	0.005063	2.2
1173	-0.662155	98.986538	56.186691	0.005644	2.6
1174	-0.502661	99.070926	56.147203	0.014954	2.2
1175	-0.562284	99.155313	56.107769	0.010958	2.2
1176	-0.512111	99.239701	56.068391	0.009738	2.2
1177	-0.338841	99.324088	56.029069	0.001822	2.2
1178	-0.534603	99.408476	55.989801	0.012336	2.2
1179	-0.242400	99.492863	55.950588	0.006241	2.2
1180	-0.292960	99.577251	55.911431	0.005637	2.7
1181	-0.195788	99.661638	55.872328	0.005645	2.3
1182	-0.268427	99.746026	55.833279	0.005211	2.2
1183	-0.285258	99.830413	55.794286	0.003001	2.2
1184	-0.317760	99.914801	55.755346	0.003685	2.2
1185	-0.356767	99.999188	55.716461	0.006236	2.3
1186	-0.365620	100.083576	55.677631	0.007904	2.2
1187	-0.552744	100.167963	55.638854	0.003671	2.8
1188	-0.267752	100.252351	55.600131	0.005523	2.2
1189	-0.444688	100.336738	55.561462	0.008415	2.3
1190	-0.325768	100.421126	55.522847	0.011754	2.2
1191	-0.150042	100.505513	55.484286	0.002852	2.2
1192	-0.312862	100.589901	55.445778	0.008638	2.2
1193	-0.201462	100.674288	55.407323	0.003661	2.2
1194	-0.414940	100.758676	55.368922	0.008062	2.8
1195	-0.481817	100.843063	55.330574	0.004764	2.5
1196	-0.236640	100.927451	55.292279	0.005066	2.2
1197	-0.328570	101.011838	55.254037	0.004291	2.3
1198	-0.210855	101.096226	55.215848	0.003099	2.2
1199	-0.155688	101.180613	55.177711	0.003569	2.2
1200	-0.225332	101.265001	55.139627	0.006724	2.3
1201	-0.262035	101.349388	55.101596	0.004186	2.8
1202	-0.274944	101.433776	55.063617	0.010273	2.3
1203	-0.182241	101.518163	55.025691	0.004218	2.2
1204	-0.479831	101.602551	54.987817	0.007102	2.4
1205	-0.514076	101.686938	54.949995	0.008621	2.2
1206	-0.516591	101.771326	54.912224	0.019368	2.2
1207	-0.053288	101.855713	54.874506	0.002295	2.3
1208	-0.384777	101.940101	54.836840	0.012748	2.9
1209	-0.348291	102.024488	54.799225	0.006259	2.2
1210	-0.111076	102.108876	54.761662	0.005404	2.2
1211	-0.215324	102.193263	54.724150	0.005877	2.2
1212	-0.279567	102.277651	54.686689	0.003943	2.2
1213	-0.120186	102.362038	54.649280	0.003915	2.2
1214	-0.477004	102.446426	54.611922	0.010751	2.2
1215	-0.529645	102.530813	54.574615	0.015748	2.7
1216	-0.414060	102.615201	54.537359	0.005172	2.2
1217	-0.283684	102.699588	54.500154	0.002450	2.2
1218	-0.468619	102.783976	54.462999	0.010484	2.2
1219	-0.138057	102.868363	54.425895	0.002613	2.3
1220	-0.312572	102.952751	54.388842	0.006838	2.2
1221	-0.454042	103.037138	54.351839	0.007442	2.2
1222	-0.306257	103.121526	54.314887	0.004326	2.8
1223	-0.577723	103.205913	54.277984	0.015698	2.2
1224	-0.241733	103.290301	54.241132	0.005997	2.2
1225	-0.228118	103.374688	54.204330	0.006879	2.3
1226	-0.367970	103.459076	54.167577	0.004585	2.2
1227	-0.410451	103.543463	54.130875	0.009049	2.3
1228	-0.441823	103.627851	54.094222	0.009252	2.2
1229	-0.228307	103.712238	54.057618	0.009829	2.9
1230	-0.268292	103.796626	54.021065	0.003954	2.2
1231	-0.248357	103.881013	53.984560	0.005956	2.3
1232	-0.288093	103.965401	53.948105	0.004953	2.2
1233	-0.468643	104.049788	53.911699	0.013375	2.3
1234	-0.436970	104.134176	53.875343	0.007378	2.2
1235	-0.072447	104.218563	53.839035	0.004109	2.4
1236	-0.248927	104.302951	53.802776	0.003564	2.7
1237	-0.239892	104.387338	53.766566	0.004314	2.5
1238	-0.327486	104.471726	53.730405	0.005003	2.2
1239	-0.626687	104.556113	53.694292	0.005154	2.2
1240	-0.460568	104.640501	53.658228	0.007518	2.2
1241	-0.244412	104.724888	53.622212	0.005787	2.2
1242	-0.350805	104.809276	53.586244	0.004204	2.6
1243	-0.179334	104.893663	53.550325	0.001963	2.4
1244	-0.431983	104.978051	53.514454	0.014841	2.3
1245	-0.285283	105.062438	53.478631	0.003423	2.3
1246	-0.532339	105.146826	53.442856	0.012212	2.3
1247	-0.178011	105.231213	53.407128	0.010570	2.2
1248	-0.590256	105.315601	53.371449	0.011082	2.3
1249	-0.692106	105.399988	53.335817	0.007655	2.7
1250	-0.262989	105.484376	53.300232	0.003598	2.4
1251	-0.111338	105.568763	53.264695	0.007551	2.2
1252	-0.310780	105.653151	53.229206	0.003881	2.2
1253	-0.174342	105.737538	53.193763	0.002554	2.3
1254	-0.382170	105.821926	53.158368	0.007191	2.2
1255	-0.564467	105.906313	53.123020	0.005543	2.2
1256	-0.034156	105.990701	53.087719	0.000897	2.8
1257	-0.341075	106.075088	53.052464	0.005379	2.3
1258	-0.166085	106.159476	53.017257	0.002622	2.2
1259	-0.091902	106.243863	52.982096	0.001147	2.2
1260	-0.322188	106.328251	52.946982	0.005392	2.2
1261	-0.154554	106.412638	52.911914	0.002881	2.3
1262	-0.211830	106.497026	52.876893	0.005960	2.2
1263	-0.266251	106.581413	52.841918	0.005301	2.7
1264	-0.384034	106.665801	52.806989	0.004455	2.2
1265	-0.479037	106.750188	52.772107	0.015266	2.3
1266	-0.257967	106.834576	52.737270	0.006137	2.3
1267	-0.468167	106.918963	52.702480	0.005795	2.1
1268	-0.358368	107.003351	52.667735	0.008697	2.4
1269	-0.521866	107.087738	52.633036	0.007533	2.2
1270	-0.319539	107.172126	52.598383	0.009842	2.7
1271	-0.219275	107.256513	52.563776	0.004869	2.3
1272	-0.185392	107.340901	52.529214	0.002366	2.2
1273	-0.490734	107.425288	52.494697	0.016813	2.3
1274	-0.051252	107.509676	52.460226	0.001363	2.2
1275	-0.206272	107.594063	52.425800	0.007291	2.3
1276	-0.086166	107.678451	52.391419	0.006190	2.2
1277	-0.057829	107.762838	52.357083	0.001229	2.8
1278	-0.674126	107.847226	52.322792	0.013779	2.5
1279	-0.166985	107.931613	52.288546	0.004773	2.3
1280	-0.613448	108.016001	52.254345	0.006140	2.2
1281	-0.396950	108.100388	52.220188	0.005234	2.2
1282	-0.443060	108.184776	52.186076	0.007527	2.3
1283	-0.707310	108.269163	52.152009	0.005313	2.2
1284	-0.164272	108.353551	52.117986	0.004538	2.8
1285	-0.495617	108.437938	52.084008	0.006206	2.2
1286	-0.326367	108.522326	52.050074	0.006126	2.2
1287	-0.194971	108.606714	52.016184	0.004494	2.3
1288	-0.444707	108.691101	51.982338	0.008472	2.2
1289	-0.314057	108.775489	51.948536	0.008517	2.2
1290	-0.491152	108.859876	51.914778	0.007582	2.2
1291	-0.377025	108.944264	51.881064	0.014091	2.8
1292	-0.304647	109.028651	51.847393	0.007324	2.2
1293	-0.542237	109.113039	51.813767	0.014268	2.2
1294	-0.500651	109.197426	51.780183	0.009764	2.2
1295	-0.177562	109.281814	51.746644	0.008516	2.3
1296	-0.284072	109.366201	51.713148	0.008450	2.2
1297	-0.391590	109.450589	51.679695	0.005799	2.2
1298	-0.175300	109.534976	51.646285	0.003489	2.9
1299	-0.442426	109.619364	51.612919	0.009572	2.2
1300	-0.581520	109.703751	51.579595	0.015077	2.2
1301	-0.470194	109.788139	51.546315	0.007660	2.2
1302	-0.054906	109.872526	51.513078	0.000797	2.3
1303	-0.275837	109.956914	51.479883	0.009892	2.2
1304	-0.138238	110.041301	51.446731	0.002437	2.2
1305	-0.301145	110.125689	51.413622	0.004760	2.8
1306	-0.169683	110.210076	51.380556	0.003010	2.2
1307	-0.326968	110.294464	51.347532	0.005264	2.2
1308	-0.121271	110.378851	51.314550	0.004495	2.2
1309	-0.715568	110.463239	51.281611	0.014581	2.3
1310	-0.459963	110.547626	51.248714	0.009826	2.2
1311	-0.082748	110.632014	51.215859	0.001849	2.5
1312	-0.253134	110.716401	51.183046	0.003172	2.7
1313	-0.495171	110.800789	51.150275	0.012533	2.6
1314	-0.655836	110.885176	51.117546	0.008353	2.3
1315	-0.243934	110.969564	51.084859	0.006443	2.7
1316	-0.500493	111.053951	51.052214	0.008248	2.4
1317	-0.181286	111.138339	51.019611	0.005218	2.3
1318	-0.433121	111.222726	50.987049	0.007008	2.8
1319	-0.371401	111.307114	50.954529	0.005252	2.8
1320	-0.198867	111.391501	50.922050	0.005903	2.5
1321	-0.271210	111.475889	50.889612	0.004057	2.2
1322	-0.184042	111.560276	50.857216	0.002944	2.2
1323	-0.204248	111.644664	50.824861	0.002992	2.3
1324	-0.466527	111.729051	50.792547	0.003367	2.3
1325	-0.326798	111.813439	50.760275	0.011685	2.8
1326	-0.247500	111.897826	50.728043	0.009637	2.3
1327	-0.273516	111.982214	50.695852	0.007987	2.2
1328	-0.174360	112.066601	50.663702	0.002442	2.3
1329	-0.544424	112.150989	50.631593	0.007899	2.3
1330	-0.359588	112.235376	50.599524	0.008077	2.2
1331	-0.370402	112.319764	50.567496	0.011075	2.4
1332	-0.093910	112.404151	50.535508	0.002345	2.7
1333	-0.099591	112.488539	50.503561	0.004092	2.2
1334	-0.231870	112.572926	50.471655	0.006561	2.3
1335	-0.196304	112.657314	50.439788	0.002686	2.3
1336	-0.456813	112.741701	50.407962	0.003042	2.2
1337	-0.464880	112.826089	50.376176	0.007572	2.3
1338	-0.474602	112.910476	50.344430	0.006889	2.5
1339	-0.355881	112.994864	50.312724	0.006801	2.4
1340	-0.172299	113.079251	50.281058	0.003048	2.2
1341	-0.300499	113.163639	50.249432	0.007487	2.2
1342	-0.433612	113.248026	50.217845	0.013844	2.3
1343	-0.155203	113.332414	50.186298	0.002917	2.2
1344	-0.091643	113.416801	50.154791	0.003611	2.2
1345	-0.298382	113.501189	50.123324	0.003881	2.3
1346	-0.215138	113.585576	50.091895	0.006236	2.5
1347	-0.308271	113.669964	50.060507	0.010354	2.3
1348	-0.217734	113.754351	50.029157	0.001616	2.2
1349	-0.395650	113.838739	49.997847	0.005721	2.2
1350	-0.359624	113.923126	49.966576	0.007501	2.2
1351	-0.152867	114.007514	49.935344	0.001866	2.2
1352	-0.225017	114.091901	49.904151	0.006402	2.4
1353	-0.523853	114.176289	49.872997	0.014719	2.5
1354	-0.224567	114.260676	49.841882	0.005095	2.2
1355	-0.406540	114.345064	49.810805	0.009109	2.4
1356	-0.594502	114.429451	49.779768	0.006987	2.2
1357	-0.116387	114.513839	49.748769	0.002119	2.2
1358	-0.143108	114.598226	49.717808	0.002550	2.2
1359	-0.659146	114.682614	49.686886	0.003701	2.4
1360	-0.328692	114.767001	49.656003	0.005934	2.7
1361	-0.206943	114.851389	49.625158	0.004113	2.4
1362	-0.163301	114.935776	49.594351	0.003625	2.3
1363	-0.189385	115.020164	49.563583	0.004055	2.2
1364	-0.311207	115.104551	49.532852	0.004217	2.2
1365	-0.463392	115.188939	49.502160	0.005077	2.3
1366	-0.475983	115.273326	49.471506	0.008315	2.8
1367	-0.103588	115.357714	49.440889	0.003462	2.4
1368	-0.173374	115.442101	49.410311	0.001861	2.2
1369	-0.218371	115.526489	49.379770	0.005177	2.1
1370	-0.265289	115.610876	49.349267	0.004786	2.2
1371	-0.280559	115.695264	49.318802	0.003764	2.2
1372	-0.545441	115.779651	49.288374	0.006315	2.2
1373	-0.116082	115.864039	49.257984	0.003810	2.8
1374	-0.174525	115.948426	49.227631	0.003516	2.3
1375	-0.320011	116.032814	49.197316	0.005179	2.2
1376	-0.443065	116.117201	49.167038	0.010866	2.2
1377	-0.327406	116.201589	49.136797	0.006040	2.3
1378	-0.236032	116.285976	49.106593	0.002816	2.2
1379	-0.190711	116.370364	49.076427	0.002596	2.3
1380	-0.272257	116.454751	49.046297	0.008744	2.6
1381	-0.199984	116.539139	49.016205	0.003311	2.2
1382	-0.216459	116.623526	48.986149	0.003251	2.2
1383	-0.323715	116.707914	48.956131	0.008359	2.2
1384	-0.242400	116.792301	48.926149	0.003867	2.2
1385	-0.524732	116.876689	48.896203	0.011078	2.3
1386	-0.284422	116.961076	48.866295	0.006699	2.2
1387	-0.074501	117.045464	48.836423	0.003055	2.7
1388	-0.487019	117.129851	48.806587	0.011036	2.3
1389	-0.243819	117.214239	48.776788	0.004716	2.2
1390	-0.271476	117.298626	48.747025	0.003380	2.2
1391	-0.439684	117.383014	48.717299	0.012948	2.2
1392	-0.068678	117.467401	48.687608	0.003025	2.3
1393	-0.340694	117.551789	48.657954	0.006389	2.2
1394	-0.399435	117.636176	48.628336	0.007877	2.8
1395	-0.168800	117.720564	48.598754	0.005871	2.3
1396	-0.248805	117.804951	48.569208	0.004856	2.2
1397	-0.228232	117.889339	48.539698	0.003208	2.3
1398	-0.110728	117.973726	48.510224	0.002524	2.4
1399	-0.107026	118.058114	48.480786	0.003413	2.2
1400	-0.330601	118.142501	48.451383	0.006586	2.2
1401	-0.237720	118.226889	48.422016	0.008607	2.8
1402	-0.505542	118.311276	48.392684	0.004046	2.6
1403	-0.111645	118.395664	48.363388	0.002948	2.3
1404	-0.481919	118.480051	48.334128	0.009690	2.3
1405	-0.205964	118.564439	48.304903	0.005555	2.2
1406	-0.177836	118.648826	48.275713	0.002350	2.2
1407	-0.361872	118.733214	48.246558	0.006669	2.3
1408	-0.271117	118.817601	48.217439	0.007184	2.8
1409	-0.490810	118.901989	48.188354	0.015627	2.2
1410	-0.226715	118.986376	48.159305	0.004380	2.1
1411	-0.487438	119.070764	48.130291	0.017702	2.2
1412	-0.612356	119.155151	48.101312	0.009657	2.2
1413	-0.301684	119.239539	48.072367	0.006335	2.3
1414	-0.199163	119.323926	48.043458	0.004210	2.2
1415	-0.042632	119.408314	48.014583	0.001630	2.9
1416	-0.166826	119.492701	47.985743	0.002196	2.1
1417	-0.275254	119.577089	47.956937	0.005236	2.3
1418	-0.055513	119.661476	47.928166	0.002559	2.2
1419	-0.368964	119.745864	47.899430	0.003345	2.2
1420	-0.341608	119.830251	47.870728	0.003539	2.2
1421	-0.295978	119.914639	47.842060	0.002772	2.2
1422	-0.214191	119.999026	47.813427	0.003070	2.8
1423	-0.473277	120.083414	47.784828	0.006361	2.2
1424	-0.249526	120.167801	47.756263	0.008486	2.2
1425	-0.362346	120.252189	47.727732	0.012250	2.2
1426	-0.333350	120.336576	47.699235	0.006982	2.3
1427	-0.512316	120.420964	47.670773	0.011933	2.2
1428	-0.496684	120.505351	47.642344	0.005556	2.3
1429	-0.374128	120.589739	47.613949	0.004404	2.7
1430	-0.401561	120.674126	47.585588	0.010724	2.4
1431	-0.596924	120.758514	47.557261	0.004318	2.5
1432	-0.574017	120.842901	47.528967	0.011106	2.3
1433	-0.251310	120.927289	47.500707	0.004146	2.3
1434	-0.319658	121.011676	47.472481	0.004782	2.3
1435	-0.549561	121.096064	47.444288	0.012662	2.4
1436	-0.058979	121.180451	47.416129	0.001981	2.5
1437	-0.082599	121.264839	47.388003	0.007717	2.2
1438	-0.446065	121.349226	47.359910	0.003914	2.2
1439	-0.323536	121.433614	47.331851	0.005575	2.4
1440	-0.619630	121.518001	47.303825	0.005456	2.2
1441	-0.571443	121.602389	47.275832	0.004407	2.2
1442	-0.267195	121.686776	47.247872	0.004188	2.5
1443	-0.258120	121.771164	47.219946	0.006151	2.6
1444	-0.367064	121.855551	47.192052	0.005455	2.4
1445	-0.245952	121.939939	47.164191	0.009062	2.2
1446	-0.118818	122.024326	47.136363	0.007557	2.2
1447	-0.129888	122.108714	47.108568	0.002973	2.3
1448	-0.291925	122.193101	47.080806	0.003395	2.1
1449	-0.430373	122.277489	47.053076	0.014355	2.6
1450	-0.452725	122.361876	47.025379	0.010256	2.4
1451	-0.476004	122.446264	46.997715	0.011048	2.2
1452	-0.047557	122.530651	46.970083	0.002278	2.2
1453	-0.069913	122.615039	46.942484	0.001623	2.2
1454	-0.243384	122.699426	46.914917	0.003005	2.3
1455	-0.215535	122.783814	46.887382	0.003956	2.2
1456	-0.489304	122.868201	46.859880	0.003749	2.6
1457	-0.505950	122.952589	46.832410	0.008091	2.3
1458	-0.489306	123.036976	46.804972	0.007578	2.2
1459	-0.486231	123.121364	46.777566	0.005590	2.4
1460	-0.391445	123.205751	46.750192	0.005005	2.2
1461	-0.139979	123.290139	46.722851	0.004378	2.2
1462	-0.147832	123.374526	46.695541	0.007247	2.3
1463	-0.313018	123.458914	46.668263	0.004706	2.7
1464	-0.300243	123.543301	46.641017	0.004574	2.2
1465	-0.741142	123.627689	46.613803	0.004686	2.2
1466	-0.604684	123.712076	46.586621	0.008275	2.2
1467	-0.265522	123.796464	46.559470	0.003413	2.3
1468	-0.588930	123.880851	46.532351	0.018012	2.2
1469	-0.260377	123.965239	46.505263	0.004765	2.2
1470	-0.343122	124.049626	46.478207	0.008555	2.7
1471	-0.164630	124.134014	46.451183	0.003649	2.4
1472	-0.059900	124.218401	46.424190	0.001283	2.2
1473	-0.162859	124.302789	46.397228	0.006723	2.2
1474	-0.387996	124.387176	46.370297	0.007197	2.3
1475	-0.323427	124.471564	46.343398	0.007121	2.2
1476	-0.293847	124.555951	46.316530	0.006614	2.2
1477	-0.557760	124.640339	46.289693	0.005278	2.8
1478	-0.190541	124.724726	46.262887	0.004253	2.1
1479	-0.308864	124.809114	46.236113	0.003264	2.2
1480	-0.275119	124.893501	46.209369	0.005933	2.3
1481	-0.507898	124.977889	46.182656	0.009874	2.2
1482	-0.538189	125.062276	46.155974	0.013877	2.2
1483	-0.192480	125.146664	46.129323	0.008192	2.3
1484	-0.036886	125.231051	46.102702	0.002219	2.7
1485	-0.031041	125.315439	46.076112	0.001473	2.6
1486	-0.156783	125.399826	46.049553	0.005694	2.3
1487	-0.230105	125.484214	46.023025	0.004598	2.2
1488	-0.418939	125.568601	45.996527	0.005450	2.3
1489	-0.156244	125.652989	45.970059	0.002303	2.3
1490	-0.232740	125.737376	45.943622	0.003839	2.2
1491	-0.061351	125.821764	45.917216	0.001878	2.9
1492	-0.254946	125.906151	45.890839	0.006227	2.2
1493	-0.301351	125.990539	45.864493	0.003935	2.2
1494	-0.479063	126.074926	45.838178	0.009353	2.2
1495	-0.459569	126.159314	45.811892	0.005835	2.3
1496	-0.321264	126.243701	45.785637	0.008995	2.3
1497	-0.357959	126.328089	45.759411	0.006544	2.3
1498	-0.285893	126.412476	45.733216	0.004982	2.8
1499	-0.257740	126.496864	45.707051	0.005697	2.2
