1:ItNr	2:Metric	3a:Time	3b:StepSize	4:||Gradient||	Time[ms]
0	-0.265383	0.000000	467.714705	0.002672	793.2
1	-0.216825	0.080451	465.929723	0.003669	3.6
2	-0.220708	0.160902	464.158314	0.003953	3.2
3	-0.126521	0.241354	462.400324	0.002060	3.0
4	-0.234835	0.321805	460.655600	0.003377	3.5
5	-0.129728	0.402256	458.923993	0.001909	4.4
6	-0.206811	0.482707	457.205355	0.002936	3.4
7	-0.203900	0.563158	455.499541	0.005659	3.1
8	-0.260219	0.643610	453.806409	0.003129	3.0
9	-0.196880	0.724061	452.125818	0.003817	3.9
10	-0.153503	0.804512	450.457627	0.003445	3.5
11	-0.114629	0.884963	448.801702	0.002549	3.3
12	-0.207035	0.965415	447.157907	0.003138	3.0
13	-0.156605	1.045866	445.526109	0.003030	3.1
14	-0.078776	1.126317	443.906178	0.002448	3.7
15	-0.245964	1.206768	442.297984	0.004994	3.5
16	-0.246425	1.287219	440.701400	0.003455	3.1
17	-0.172235	1.367671	439.116302	0.003377	3.3
18	-0.084454	1.448122	437.542565	0.002856	3.5
19	-0.110414	1.528573	435.980068	0.003566	3.3
20	-0.213304	1.609024	434.428691	0.002543	3.6
21	-0.345995	1.689475	432.888315	0.003989	3.1
22	-0.303547	1.769927	431.358824	0.004928	3.0
23	-0.190547	1.850378	429.840104	0.003781	3.3
24	-0.214274	1.930829	428.332040	0.005580	3.8
25	-0.246778	2.011280	426.834521	0.003305	3.8
26	-0.121302	2.091732	425.347436	0.003476	3.2
27	-0.163919	2.172183	423.870678	0.002892	3.3
28	-0.138511	2.252634	422.404138	0.002788	4.1
29	-0.272142	2.333085	420.947711	0.004369	3.6
30	-0.270216	2.413536	419.501294	0.003934	3.3
31	-0.203861	2.493988	418.064782	0.005163	3.2
32	-0.148240	2.574439	416.638075	0.005768	3.1
33	-0.179504	2.654890	415.221072	0.003138	3.6
34	-0.338821	2.735341	413.813676	0.004808	3.7
35	-0.343313	2.815792	412.415788	0.003089	3.2
36	-0.181226	2.896244	411.027312	0.002553	3.1
37	-0.201428	2.976695	409.648154	0.003350	3.4
38	-0.088891	3.057146	408.278221	0.001818	3.4
39	-0.410203	3.137597	406.917419	0.003600	3.7
40	-0.292519	3.218049	405.565659	0.003756	3.3
41	-0.269301	3.298500	404.222850	0.003448	3.1
42	-0.207633	3.378951	402.888903	0.002859	3.6
43	-0.206494	3.459402	401.563732	0.004232	3.4
44	-0.166383	3.539853	400.247249	0.002861	3.5
45	-0.303130	3.620305	398.939370	0.004688	3.1
46	-0.097929	3.700756	397.640011	0.002054	3.1
47	-0.107789	3.781207	396.349088	0.002751	3.7
48	-0.137365	3.861658	395.066520	0.002792	3.5
49	-0.104588	3.942109	393.792226	0.003892	3.4
50	-0.359401	4.022561	392.526126	0.003354	3.1
51	-0.209396	4.103012	391.268142	0.005479	3.1
52	-0.309177	4.183463	390.018195	0.007451	3.9
53	-0.105620	4.263914	388.776208	0.002724	3.7
54	-0.197865	4.344365	387.542107	0.004978	3.3
55	-0.357917	4.424817	386.315816	0.004468	3.1
56	-0.081023	4.505268	385.097260	0.002251	3.4
57	-0.243582	4.585719	383.886369	0.002394	4.0
58	-0.060550	4.666170	382.683068	0.001661	3.9
59	-0.285635	4.746622	381.487287	0.003117	3.2
60	-0.133927	4.827073	380.298956	0.002500	3.1
61	-0.240290	4.907524	379.118005	0.002851	3.7
62	-0.102367	4.987975	377.944366	0.002192	3.7
63	-0.209665	5.068426	376.777971	0.002012	3.5
64	-0.209234	5.148878	375.618753	0.003025	3.1
65	-0.099757	5.229329	374.466646	0.002598	3.1
66	-0.380075	5.309780	373.321586	0.005747	3.8
67	-0.174331	5.390231	372.183506	0.003931	3.6
68	-0.339792	5.470682	371.052345	0.006324	3.3
69	-0.148018	5.551134	369.928038	0.003131	3.1
70	-0.279674	5.631585	368.810525	0.004238	3.5
71	-0.153348	5.712036	367.699743	0.003124	3.6
72	-0.123174	5.792487	366.595631	0.002329	3.7
73	-0.333729	5.872939	365.498131	0.004315	3.0
74	-0.178933	5.953390	364.407182	0.003944	3.1
75	-0.236793	6.033841	363.322726	0.005623	3.7
76	-0.123602	6.114292	362.244706	0.002554	3.4
77	-0.078241	6.194743	361.173064	0.002942	3.6
78	-0.108150	6.275195	360.107744	0.004988	3.2
79	-0.321013	6.355646	359.048690	0.005779	3.1
80	-0.129949	6.436097	357.995847	0.003787	3.9
81	-0.249496	6.516548	356.949161	0.004169	3.5
82	-0.130234	6.596999	355.908577	0.005644	3.3
83	-0.115439	6.677451	354.874043	0.003330	3.1
84	-0.223444	6.757902	353.845505	0.003979	3.3
85	-0.301451	6.838353	352.822912	0.005908	3.9
86	-0.131171	6.918804	351.806213	0.002833	3.9
87	-0.304629	6.999256	350.795356	0.005131	3.2
88	-0.148396	7.079707	349.790292	0.005096	3.2
89	-0.184647	7.160158	348.790970	0.003189	3.6
90	-0.115238	7.240609	347.797342	0.005580	3.4
91	-0.156382	7.321060	346.809359	0.003895	3.5
92	-0.251608	7.401512	345.826974	0.003369	3.3
93	-0.131031	7.481963	344.850138	0.002887	3.1
94	-0.266095	7.562414	343.878805	0.006143	3.7
95	-0.201312	7.642865	342.912929	0.004019	3.5
96	-0.123650	7.723316	341.952463	0.003600	3.3
97	-0.113319	7.803768	340.997363	0.002707	3.4
98	-0.299325	7.884219	340.047583	0.005577	3.1
99	-0.200819	7.964670	339.103079	0.004016	3.8
100	-0.107694	8.045121	338.163808	0.001874	3.6
101	-0.236256	8.125572	337.229725	0.004030	3.3
102	-0.361526	8.206024	336.300789	0.004937	3.1
103	-0.253842	8.286475	335.376956	0.004633	3.4
104	-0.284146	8.366926	334.458185	0.003179	3.4
105	-0.206030	8.447377	333.544434	0.003306	3.7
106	-0.195135	8.527829	332.635662	0.003708	3.3
107	-0.233260	8.608280	331.731829	0.003883	3.1
108	-0.235859	8.688731	330.832894	0.004249	3.6
109	-0.343406	8.769182	329.938819	0.003305	3.3
110	-0.081767	8.849633	329.049562	0.002257	3.6
111	-0.221742	8.930085	328.165086	0.003296	3.2
112	-0.283683	9.010536	327.285353	0.003262	3.1
113	-0.148496	9.090987	326.410323	0.003141	4.0
114	-0.256402	9.171438	325.539960	0.004295	3.4
115	-0.171448	9.251889	324.674226	0.003534	3.7
116	-0.174129	9.332341	323.813085	0.002546	3.1
117	-0.163095	9.412792	322.956499	0.002742	3.2
118	-0.169798	9.493243	322.104434	0.002843	3.8
119	-0.099140	9.573694	321.256852	0.002427	3.9
120	-0.292479	9.654146	320.413720	0.004212	3.2
121	-0.156381	9.734597	319.575002	0.002488	3.1
122	-0.082575	9.815048	318.740663	0.002274	3.7
123	-0.260908	9.895499	317.910669	0.005897	3.4
124	-0.117964	9.975950	317.084986	0.002150	3.6
125	-0.278398	10.056402	316.263582	0.003209	3.1
126	-0.081443	10.136853	315.446422	0.001912	3.1
127	-0.394124	10.217304	314.633474	0.006852	3.6
128	-0.084242	10.297755	313.824705	0.004173	3.4
129	-0.212778	10.378206	313.020084	0.004269	3.6
130	-0.239304	10.458658	312.219577	0.005928	3.1
131	-0.071312	10.539109	311.423155	0.002800	3.2
132	-0.148487	10.619560	310.630786	0.003995	3.9
133	-0.146264	10.700011	309.842439	0.004301	3.8
134	-0.125493	10.780463	309.058082	0.003871	3.4
135	-0.231196	10.860914	308.277687	0.003156	3.3
136	-0.259593	10.941365	307.501224	0.002899	3.8
137	-0.183691	11.021816	306.728661	0.005008	3.5
138	-0.167831	11.102267	305.959971	0.002440	4.0
139	-0.208375	11.182719	305.195125	0.004334	3.3
140	-0.229486	11.263170	304.434092	0.003262	3.3
141	-0.095150	11.343621	303.676846	0.001789	4.0
142	-0.148425	11.424072	302.923357	0.003035	3.8
143	-0.291191	11.504523	302.173598	0.006403	3.3
144	-0.295913	11.584975	301.427542	0.003519	3.2
145	-0.114300	11.665426	300.685160	0.004657	3.9
146	-0.185789	11.745877	299.946426	0.002982	3.8
147	-0.170962	11.826328	299.211314	0.003641	3.8
148	-0.215628	11.906779	298.479795	0.002922	3.8
149	-0.173974	11.987231	297.751845	0.002722	3.8
150	-0.102568	12.067682	297.027437	0.003249	3.6
151	-0.335161	12.148133	296.306545	0.004869	3.8
152	-0.165252	12.228584	295.589144	0.003039	3.3
153	-0.088768	12.309036	294.875208	0.002408	3.4
154	-0.253271	12.389487	294.164713	0.006443	3.9
155	-0.213092	12.469938	293.457634	0.004368	3.6
156	-0.097948	12.550389	292.753945	0.002984	3.6
157	-0.229528	12.630840	292.053624	0.002454	3.3
158	-0.095458	12.711292	291.356644	0.002155	3.5
159	-0.102528	12.791743	290.662984	0.002315	3.5
160	-0.144720	12.872194	289.972619	0.005231	3.8
161	-0.224594	12.952645	289.285525	0.003158	3.5
162	-0.208313	13.033096	288.601680	0.003485	3.3
163	-0.157269	13.113548	287.921060	0.004449	3.8
164	-0.298006	13.193999	287.243643	0.003197	3.5
165	-0.130810	13.274450	286.569406	0.002742	3.6
166	-0.108715	13.354901	285.898327	0.003457	3.2
167	-0.175268	13.435353	285.230383	0.002576	3.3
168	-0.389902	13.515804	284.565554	0.006279	3.8
169	-0.220068	13.596255	283.903816	0.006196	4.0
170	-0.168208	13.676706	283.245149	0.004013	3.4
171	-0.173836	13.757157	282.589531	0.002714	3.3
172	-0.160016	13.837609	281.936941	0.003136	3.6
173	-0.135637	13.918060	281.287358	0.003168	3.5
174	-0.096306	13.998511	280.640762	0.001883	3.9
175	-0.097380	14.078962	279.997132	0.001807	3.3
176	-0.270758	14.159413	279.356447	0.005860	3.2
177	-0.139028	14.239865	278.718687	0.002373	4.0
178	-0.402269	14.320316	278.083832	0.004266	4.1
179	-0.169871	14.400767	277.451864	0.002454	3.4
180	-0.378565	14.481218	276.822761	0.004572	3.3
181	-0.185475	14.561670	276.196504	0.003881	3.7
182	-0.302901	14.642121	275.573075	0.003451	3.6
183	-0.254998	14.722572	274.952454	0.002889	3.6
184	-0.247066	14.803023	274.334621	0.004604	3.3
185	-0.103720	14.883474	273.719560	0.002090	3.3
186	-0.308606	14.963926	273.107250	0.004750	4.1
187	-0.159501	15.044377	272.497673	0.005260	4.5
188	-0.081355	15.124828	271.890812	0.002412	3.8
189	-0.347324	15.205279	271.286647	0.004031	4.2
190	-0.366914	15.285730	270.685162	0.004345	4.7
191	-0.342900	15.366182	270.086337	0.004813	4.6
192	-0.196162	15.446633	269.490157	0.004636	4.0
193	-0.232542	15.527084	268.896602	0.002982	3.9
194	-0.169073	15.607535	268.305657	0.004333	5.2
195	-0.296712	15.687986	267.717303	0.004826	4.1
196	-0.344010	15.768438	267.131524	0.003584	3.5
197	-0.187454	15.848889	266.548303	0.002998	4.6
198	-0.139681	15.929340	265.967623	0.004377	4.6
199	-0.248783	16.009791	265.389467	0.002758	3.9
200	-0.155335	16.090243	264.813820	0.002863	3.6
201	-0.285813	16.170694	264.240664	0.004613	4.4
202	-0.319688	16.251145	263.669984	0.006052	4.1
203	-0.438621	16.331596	263.101764	0.004274	4.2
204	-0.218862	16.412047	262.535987	0.003487	3.8
205	-0.258730	16.492499	261.972639	0.003580	4.7
206	-0.157223	16.572950	261.411703	0.002888	4.1
207	-0.104117	16.653401	260.853164	0.002750	3.9
208	-0.254882	16.733852	260.297007	0.003852	3.9
209	-0.240170	16.814303	259.743216	0.003829	4.7
210	-0.173209	16.894755	259.191777	0.004653	4.2
211	-0.148023	16.975206	258.642674	0.003089	3.8
212	-0.095344	17.055657	258.095893	0.002526	3.7
213	-0.174654	17.136108	257.551419	0.004170	4.6
214	-0.203872	17.216560	257.009237	0.002798	4.5
215	-0.228548	17.297011	256.469333	0.003319	4.5
216	-0.322034	17.377462	255.931693	0.004776	4.2
217	-0.259998	17.457913	255.396302	0.004581	4.8
218	-0.301028	17.538364	254.863146	0.005878	4.8
219	-0.272197	17.618816	254.332212	0.004142	4.1
220	-0.156420	17.699267	253.803486	0.003602	4.7
221	-0.092703	17.779718	253.276953	0.002380	4.5
222	-0.106260	17.860169	252.752600	0.002482	4.3
223	-0.215668	17.940620	252.230414	0.002044	3.6
224	-0.107433	18.021072	251.710381	0.002671	4.6
225	-0.288986	18.101523	251.192488	0.003237	5.0
226	-0.164116	18.181974	250.676721	0.004732	3.8
227	-0.206720	18.262425	250.163069	0.003895	3.9
228	-0.337277	18.342877	249.651517	0.004219	4.6
229	-0.298276	18.423328	249.142053	0.004675	4.1
230	-0.211030	18.503779	248.634664	0.003237	3.9
231	-0.263747	18.584230	248.129338	0.003620	4.2
232	-0.320400	18.664681	247.626061	0.006830	4.8
233	-0.149164	18.745133	247.124822	0.002611	4.4
234	-0.355601	18.825584	246.625608	0.006226	4.4
235	-0.299340	18.906035	246.128406	0.006278	4.8
236	-0.220907	18.986486	245.633206	0.003305	4.5
237	-0.085282	19.066937	245.139994	0.001595	3.8
238	-0.198407	19.147389	244.648759	0.003184	3.9
239	-0.246650	19.227840	244.159489	0.004185	4.5
240	-0.314300	19.308291	243.672171	0.003349	4.6
241	-0.112484	19.388742	243.186795	0.003480	3.9
242	-0.322895	19.469193	242.703349	0.005290	4.0
243	-0.223154	19.549645	242.221822	0.002878	5.0
244	-0.216000	19.630096	241.742201	0.002681	4.6
245	-0.307828	19.710547	241.264476	0.003694	3.9
246	-0.185083	19.790998	240.788635	0.002591	4.6
247	-0.142946	19.871450	240.314667	0.002124	4.4
248	-0.147042	19.951901	239.842562	0.003576	3.7
249	-0.228079	20.032352	239.372308	0.002648	3.7
250	-0.421943	20.112803	238.903895	0.004765	5.1
251	-0.163945	20.193254	238.437311	0.002313	4.2
252	-0.068755	20.273706	237.972546	0.001730	3.7
253	-0.360346	20.354157	237.509589	0.004002	3.9
254	-0.239359	20.434608	237.048430	0.001945	4.5
255	-0.280094	20.515059	236.589059	0.005555	4.6
256	-0.292984	20.595510	236.131464	0.005920	3.7
257	-0.199687	20.675962	235.675637	0.003560	3.9
258	-0.191739	20.756413	235.221565	0.004108	4.7
259	-0.279792	20.836864	234.769240	0.004520	4.3
260	-0.218906	20.917315	234.318652	0.004174	3.8
261	-0.173549	20.997767	233.869789	0.003182	3.8
262	-0.206037	21.078218	233.422643	0.004589	4.4
263	-0.225737	21.158669	232.977204	0.003414	4.5
264	-0.283459	21.239120	232.533461	0.003078	3.9
265	-0.221626	21.319571	232.091406	0.003569	4.4
266	-0.246486	21.400023	231.651028	0.005005	4.0
267	-0.170854	21.480474	231.212318	0.003816	3.9
268	-0.103355	21.560925	230.775266	0.001573	4.0
269	-0.333244	21.641376	230.339864	0.004945	4.0
270	-0.258008	21.721827	229.906102	0.004006	4.3
271	-0.349736	21.802279	229.473970	0.003584	4.5
272	-0.257868	21.882730	229.043459	0.004019	4.0
273	-0.169743	21.963181	228.614561	0.002602	4.6
274	-0.447361	22.043632	228.187267	0.003871	4.2
275	-0.086149	22.124084	227.761566	0.001841	4.5
276	-0.414807	22.204535	227.337451	0.005386	3.9
277	-0.135260	22.284986	226.914913	0.004452	4.5
278	-0.192572	22.365437	226.493942	0.004067	4.2
279	-0.178788	22.445888	226.074530	0.005741	4.2
280	-0.140608	22.526340	225.656669	0.003610	3.9
281	-0.056773	22.606791	225.240350	0.002470	4.5
282	-0.308705	22.687242	224.825564	0.004303	4.2
283	-0.273137	22.767693	224.412302	0.003827	3.9
284	-0.180762	22.848144	224.000558	0.002618	3.6
285	-0.086390	22.928596	223.590321	0.002634	4.8
286	-0.109262	23.009047	223.181584	0.004150	4.8
287	-0.165342	23.089498	222.774339	0.003086	4.0
288	-0.183824	23.169949	222.368578	0.003795	3.7
289	-0.358299	23.250400	221.964292	0.003033	4.3
290	-0.269216	23.330852	221.561473	0.005023	4.4
291	-0.195858	23.411303	221.160114	0.002605	3.7
292	-0.213869	23.491754	220.760206	0.003530	3.5
293	-0.282795	23.572205	220.361742	0.004336	4.5
294	-0.164807	23.652657	219.964713	0.003524	4.3
295	-0.153891	23.733108	219.569113	0.003083	3.9
296	-0.302752	23.813559	219.174933	0.003004	3.7
297	-0.235553	23.894010	218.782166	0.003748	4.1
298	-0.267682	23.974461	218.390804	0.004577	4.1
299	-0.362243	24.054913	218.000840	0.005532	3.4
300	-0.120816	24.135364	217.612266	0.003006	3.3
301	-0.289055	24.215815	217.225075	0.005161	4.0
302	-0.416973	24.296266	216.839259	0.004121	4.1
303	-0.334580	24.376717	216.454811	0.005222	3.5
304	-0.229348	24.457169	216.071724	0.004961	3.6
305	-0.130900	24.537620	215.689991	0.003230	3.6
306	-0.154300	24.618071	215.309604	0.004224	4.1
307	-0.264498	24.698522	214.930556	0.004754	4.0
308	-0.065638	24.778974	214.552840	0.002498	3.9
309	-0.193322	24.859425	214.176450	0.003068	3.9
310	-0.299900	24.939876	213.801378	0.004208	3.7
311	-0.258493	25.020327	213.427618	0.003242	3.8
312	-0.239254	25.100778	213.055162	0.003360	3.3
313	-0.272133	25.181230	212.684004	0.002637	3.3
314	-0.336846	25.261681	212.314136	0.002747	4.0
315	-0.257993	25.342132	211.945553	0.002865	3.5
316	-0.282296	25.422583	211.578247	0.003765	3.6
317	-0.140840	25.503034	211.212213	0.003792	3.3
318	-0.202847	25.583486	210.847442	0.003214	3.8
319	-0.093917	25.663937	210.483930	0.003299	3.8
320	-0.138824	25.744388	210.121668	0.003168	4.2
321	-0.314134	25.824839	209.760652	0.003367	3.4
322	-0.321677	25.905291	209.400873	0.005567	3.4
323	-0.128552	25.985742	209.042327	0.003378	3.8
324	-0.381683	26.066193	208.685007	0.004092	3.5
325	-0.397316	26.146644	208.328906	0.003626	3.5
326	-0.068139	26.227095	207.974018	0.002233	3.3
327	-0.311586	26.307547	207.620338	0.004173	4.3
328	-0.239779	26.387998	207.267858	0.003634	3.7
329	-0.236944	26.468449	206.916573	0.003224	3.8
330	-0.154305	26.548900	206.566477	0.003860	3.4
331	-0.117397	26.629351	206.217564	0.002838	3.3
332	-0.143260	26.709803	205.869827	0.002833	3.8
333	-0.186126	26.790254	205.523261	0.002877	3.8
334	-0.091936	26.870705	205.177860	0.002841	3.5
335	-0.196656	26.951156	204.833617	0.002940	3.3
336	-0.141609	27.031607	204.490529	0.002397	3.7
337	-0.213420	27.112059	204.148587	0.003621	3.5
338	-0.175494	27.192510	203.807787	0.005501	3.5
339	-0.258139	27.272961	203.468123	0.003855	3.3
340	-0.362315	27.353412	203.129590	0.002767	3.2
341	-0.065641	27.433864	202.792181	0.002532	3.7
342	-0.204304	27.514315	202.455891	0.003554	3.6
343	-0.151595	27.594766	202.120714	0.002581	3.6
344	-0.236178	27.675217	201.786646	0.003103	3.4
345	-0.325544	27.755668	201.453680	0.005562	3.9
346	-0.281278	27.836120	201.121811	0.002505	3.9
347	-0.234112	27.916571	200.791033	0.007154	4.0
348	-0.271650	27.997022	200.461342	0.002779	3.4
349	-0.138641	28.077473	200.132732	0.005341	3.5
350	-0.406409	28.157924	199.805197	0.004174	4.4
351	-0.310726	28.238376	199.478733	0.004677	4.4
352	-0.165319	28.318827	199.153334	0.003246	3.9
353	-0.285240	28.399278	198.828995	0.003217	4.0
354	-0.284732	28.479729	198.505710	0.002656	4.1
355	-0.273783	28.560181	198.183475	0.002942	4.2
356	-0.090904	28.640632	197.862285	0.004027	3.9
357	-0.103570	28.721083	197.542133	0.004050	4.2
358	-0.179470	28.801534	197.223017	0.003021	4.1
359	-0.214981	28.881985	196.904929	0.002782	3.9
360	-0.303006	28.962437	196.587866	0.004033	3.8
361	-0.174203	29.042888	196.271823	0.004540	3.5
362	-0.113113	29.123339	195.956794	0.002135	4.0
363	-0.250114	29.203790	195.642774	0.004036	4.7
364	-0.108180	29.284241	195.329760	0.003995	3.7
365	-0.215970	29.364693	195.017745	0.002541	3.3
366	-0.187101	29.445144	194.706726	0.004945	4.0
367	-0.244826	29.525595	194.396697	0.004990	4.5
368	-0.305767	29.606046	194.087654	0.003272	3.8
369	-0.134308	29.686498	193.779592	0.004064	3.3
370	-0.217236	29.766949	193.472506	0.003750	4.3
371	-0.184967	29.847400	193.166392	0.002704	4.5
372	-0.323887	29.927851	192.861245	0.002980	3.8
373	-0.246495	30.008302	192.557061	0.003293	3.7
374	-0.113463	30.088754	192.253835	0.002896	4.1
375	-0.158106	30.169205	191.951562	0.003561	3.6
376	-0.107940	30.249656	191.650239	0.003104	3.3
377	-0.148735	30.330107	191.349859	0.003325	3.2
378	-0.200180	30.410558	191.050420	0.004233	3.6
379	-0.217077	30.491010	190.751917	0.004389	4.0
380	-0.329562	30.571461	190.454345	0.005247	3.8
381	-0.129225	30.651912	190.157700	0.002490	3.3
382	-0.405007	30.732363	189.861978	0.003515	3.3
383	-0.186591	30.812814	189.567174	0.002671	3.9
384	-0.332078	30.893266	189.273284	0.003819	3.7
385	-0.158088	30.973717	188.980304	0.002196	3.6
386	-0.360961	31.054168	188.688229	0.003751	3.3
387	-0.412447	31.134619	188.397056	0.002665	3.5
388	-0.324321	31.215071	188.106780	0.004038	3.5
389	-0.227065	31.295522	187.817398	0.003219	3.9
390	-0.118105	31.375973	187.528904	0.002489	3.4
391	-0.098002	31.456424	187.241295	0.001594	3.3
392	-0.393778	31.536875	186.954567	0.006567	3.7
393	-0.103697	31.617327	186.668716	0.002773	3.2
394	-0.211613	31.697778	186.383738	0.005676	3.4
395	-0.101570	31.778229	186.099628	0.003133	3.8
396	-0.098189	31.858680	185.816384	0.002028	3.5
397	-0.136693	31.939131	185.534000	0.004315	3.4
398	-0.151446	32.019583	185.252473	0.002982	3.8
399	-0.173557	32.100034	184.971799	0.001762	3.5
400	-0.238957	32.180485	184.691975	0.003129	3.3
401	-0.138213	32.260936	184.412995	0.002469	3.6
402	-0.312882	32.341388	184.134858	0.004227	3.9
403	-0.263131	32.421839	183.857558	0.003467	3.9
404	-0.112962	32.502290	183.581092	0.002269	3.3
405	-0.219694	32.582741	183.305456	0.004193	3.3
406	-0.367043	32.663192	183.030647	0.003522	3.6
407	-0.323524	32.743644	182.756660	0.003968	3.7
408	-0.237130	32.824095	182.483493	0.003653	3.8
409	-0.188750	32.904546	182.211140	0.003078	3.3
410	-0.139960	32.984997	181.939600	0.003060	3.8
411	-0.338620	33.065448	181.668868	0.003808	4.0
412	-0.144870	33.145900	181.398940	0.001830	4.0
413	-0.366583	33.226351	181.129813	0.004860	3.6
414	-0.164347	33.306802	180.861484	0.002812	4.0
415	-0.067923	33.387253	180.593948	0.002153	3.6
416	-0.222344	33.467705	180.327203	0.002900	4.3
417	-0.355138	33.548156	180.061244	0.004396	3.3
418	-0.143745	33.628607	179.796069	0.006927	3.4
419	-0.175037	33.709058	179.531674	0.004518	3.8
420	-0.165380	33.789509	179.268055	0.002597	3.4
421	-0.243708	33.869961	179.005210	0.003851	3.4
422	-0.206219	33.950412	178.743134	0.003281	3.2
423	-0.115253	34.030863	178.481824	0.002425	3.6
424	-0.274908	34.111314	178.221277	0.002581	3.5
425	-0.380362	34.191765	177.961490	0.003577	3.8
426	-0.150984	34.272217	177.702459	0.003338	3.3
427	-0.350159	34.352668	177.444181	0.004630	3.1
428	-0.232278	34.433119	177.186652	0.003479	3.7
429	-0.209835	34.513570	176.929871	0.002608	3.6
430	-0.111186	34.594021	176.673832	0.002043	4.0
431	-0.341118	34.674473	176.418533	0.004470	3.3
432	-0.280088	34.754924	176.163971	0.003196	3.5
433	-0.270356	34.835375	175.910143	0.004119	3.8
434	-0.258108	34.915826	175.657045	0.003715	4.1
435	-0.193764	34.996278	175.404674	0.001921	3.2
436	-0.161403	35.076729	175.153027	0.002749	3.3
437	-0.139683	35.157180	174.902102	0.003809	3.9
438	-0.161726	35.237631	174.651894	0.003005	3.7
439	-0.277622	35.318082	174.402401	0.002379	3.6
440	-0.201769	35.398534	174.153620	0.003599	3.2
441	-0.224822	35.478985	173.905548	0.005186	3.6
442	-0.370335	35.559436	173.658181	0.004889	3.5
443	-0.112280	35.639887	173.411518	0.003022	3.8
444	-0.199104	35.720338	173.165553	0.002927	3.4
445	-0.145749	35.800790	172.920286	0.002819	3.3
446	-0.189998	35.881241	172.675713	0.004113	3.8
447	-0.328508	35.961692	172.431830	0.002568	3.2
448	-0.224215	36.042143	172.188635	0.004191	3.3
449	-0.129702	36.122595	171.946125	0.002841	3.3
450	-0.213087	36.203046	171.704298	0.002862	3.3
451	-0.232823	36.283497	171.463149	0.004912	3.8
452	-0.339984	36.363948	171.222678	0.004812	3.6
453	-0.304748	36.444399	170.982879	0.004266	3.5
454	-0.268537	36.524851	170.743752	0.002634	3.3
455	-0.132884	36.605302	170.505292	0.002309	3.7
456	-0.107674	36.685753	170.267497	0.004721	3.4
457	-0.259500	36.766204	170.030365	0.004050	4.0
458	-0.181735	36.846655	169.793893	0.003850	3.6
459	-0.104767	36.927107	169.558077	0.001789	3.3
460	-0.260646	37.007558	169.322915	0.003864	3.8
461	-0.379540	37.088009	169.088405	0.004476	4.2
462	-0.180337	37.168460	168.854543	0.002970	3.6
463	-0.185691	37.248912	168.621328	0.002742	3.2
464	-0.201835	37.329363	168.388756	0.004602	3.8
465	-0.141909	37.409814	168.156824	0.003075	3.4
466	-0.132672	37.490265	167.925530	0.003845	3.7
467	-0.167619	37.570716	167.694872	0.001923	3.7
468	-0.208409	37.651168	167.464847	0.003216	3.4
469	-0.173529	37.731619	167.235452	0.003707	3.7
470	-0.382415	37.812070	167.006684	0.003857	3.8
471	-0.146723	37.892521	166.778542	0.003048	3.4
472	-0.144038	37.972972	166.551022	0.004200	3.3
473	-0.141883	38.053424	166.324121	0.002877	3.7
474	-0.332423	38.133875	166.097839	0.003454	3.3
475	-0.173367	38.214326	165.872171	0.003572	3.5
476	-0.104816	38.294777	165.647115	0.002560	3.3
477	-0.196806	38.375228	165.422670	0.004300	3.2
478	-0.102499	38.455680	165.198831	0.002199	3.8
479	-0.238606	38.536131	164.975598	0.003884	3.4
480	-0.262868	38.616582	164.752967	0.003145	3.6
481	-0.149908	38.697033	164.530937	0.003275	3.2
482	-0.146946	38.777485	164.309503	0.003297	3.3
483	-0.131637	38.857936	164.088666	0.002717	3.6
484	-0.193830	38.938387	163.868421	0.003991	3.7
485	-0.131862	39.018838	163.648766	0.002153	3.4
486	-0.392380	39.099289	163.429699	0.003858	3.3
487	-0.089874	39.179741	163.211219	0.002534	3.7
488	-0.104766	39.260192	162.993321	0.003230	3.7
489	-0.151200	39.340643	162.776005	0.002314	3.7
490	-0.062796	39.421094	162.559267	0.001846	3.3
491	-0.240063	39.501545	162.343106	0.003814	3.2
492	-0.172496	39.581997	162.127519	0.003464	4.0
493	-0.144823	39.662448	161.912503	0.004457	4.2
494	-0.267150	39.742899	161.698058	0.002687	3.6
495	-0.205674	39.823350	161.484179	0.003731	3.3
496	-0.342471	39.903802	161.270866	0.006513	3.8
497	-0.170933	39.984253	161.058115	0.003273	3.6
498	-0.118965	40.064704	160.845925	0.003376	3.7
499	-0.081985	40.145155	160.634294	0.001956	3.3
500	-0.188093	40.225606	160.423218	0.005510	3.2
501	-0.183648	40.306058	160.212697	0.003161	3.9
502	-0.274767	40.386509	160.002727	0.002988	3.3
503	-0.133704	40.466960	159.793307	0.002008	3.4
504	-0.149029	40.547411	159.584434	0.002531	3.2
505	-0.093322	40.627862	159.376107	0.002116	3.6
506	-0.332149	40.708314	159.168323	0.003427	3.5
507	-0.098566	40.788765	158.961080	0.003658	3.8
508	-0.274609	40.869216	158.754376	0.003451	3.3
509	-0.190826	40.949667	158.548209	0.002939	3.4
510	-0.343495	41.030119	158.342577	0.004957	3.9
511	-0.339625	41.110570	158.137477	0.003774	3.5
512	-0.408338	41.191021	157.932908	0.004070	3.7
513	-0.256498	41.271472	157.728868	0.002536	3.3
514	-0.311742	41.351923	157.525354	0.003129	3.5
515	-0.075866	41.432375	157.322365	0.001984	3.6
516	-0.203064	41.512826	157.119898	0.003772	3.6
517	-0.441659	41.593277	156.917951	0.003125	3.4
518	-0.070373	41.673728	156.716524	0.002492	3.4
519	-0.262410	41.754179	156.515612	0.003617	3.7
520	-0.337952	41.834631	156.315215	0.003245	3.8
521	-0.149373	41.915082	156.115331	0.002727	4.0
522	-0.149359	41.995533	155.915957	0.003950	3.4
523	-0.211025	42.075984	155.717091	0.002296	3.5
524	-0.273971	42.156435	155.518733	0.003802	3.5
525	-0.314581	42.236887	155.320879	0.003761	3.8
526	-0.083069	42.317338	155.123527	0.002351	3.4
527	-0.336145	42.397789	154.926677	0.004736	3.2
528	-0.330445	42.478240	154.730326	0.004085	3.7
529	-0.078527	42.558692	154.534471	0.002185	3.3
530	-0.255133	42.639143	154.339112	0.002942	3.6
531	-0.164513	42.719594	154.144247	0.003231	3.3
532	-0.132434	42.800045	153.949872	0.002287	3.2
533	-0.129279	42.880496	153.755987	0.002253	3.9
534	-0.323942	42.960948	153.562590	0.002880	3.5
535	-0.264143	43.041399	153.369679	0.004754	3.9
536	-0.256057	43.121850	153.177252	0.004024	3.3
537	-0.224328	43.202301	152.985308	0.005885	4.5
538	-0.143287	43.282752	152.793843	0.003135	4.0
539	-0.225907	43.363204	152.602858	0.003756	4.0
540	-0.314545	43.443655	152.412349	0.003815	3.8
541	-0.113254	43.524106	152.222315	0.003090	4.1
542	-0.160021	43.604557	152.032755	0.002855	4.0
543	-0.243064	43.685009	151.843666	0.004240	3.8
544	-0.428343	43.765460	151.655046	0.004000	3.9
545	-0.319125	43.845911	151.466895	0.003723	4.0
546	-0.194994	43.926362	151.279210	0.004313	3.7
547	-0.094961	44.006813	151.091990	0.002387	3.8
548	-0.203117	44.087265	150.905233	0.004706	3.3
549	-0.125459	44.167716	150.718936	0.002566	3.4
550	-0.184093	44.248167	150.533099	0.003310	3.9
551	-0.142867	44.328618	150.347720	0.004414	4.1
552	-0.218660	44.409069	150.162797	0.003503	3.3
553	-0.248382	44.489521	149.978328	0.003117	3.3
554	-0.247794	44.569972	149.794312	0.004154	3.9
555	-0.130418	44.650423	149.610746	0.002809	3.4
556	-0.339786	44.730874	149.427631	0.003020	3.6
557	-0.209056	44.811326	149.244962	0.003292	3.3
558	-0.108052	44.891777	149.062740	0.001562	3.3
559	-0.271121	44.972228	148.880963	0.004786	3.7
560	-0.129592	45.052679	148.699628	0.004296	3.7
561	-0.100434	45.133130	148.518734	0.001969	3.4
562	-0.314319	45.213582	148.338280	0.004216	3.3
563	-0.374713	45.294033	148.158264	0.005878	3.8
564	-0.377914	45.374484	147.978684	0.003525	3.4
565	-0.105030	45.454935	147.799539	0.002655	3.9
566	-0.197511	45.535386	147.620828	0.002595	3.3
567	-0.195140	45.615838	147.442547	0.003130	3.6
568	-0.261098	45.696289	147.264698	0.003749	3.8
569	-0.222455	45.776740	147.087276	0.004400	3.9
570	-0.213520	45.857191	146.910282	0.002791	4.0
571	-0.254212	45.937642	146.733713	0.004886	3.9
572	-0.088822	46.018094	146.557568	0.003652	4.0
573	-0.139408	46.098545	146.381845	0.003814	4.4
574	-0.367097	46.178996	146.206543	0.002745	3.6
575	-0.079669	46.259447	146.031661	0.001440	3.8
576	-0.264363	46.339899	145.857196	0.003985	4.1
577	-0.236707	46.420350	145.683148	0.004614	4.3
578	-0.343325	46.500801	145.509515	0.004779	3.9
579	-0.172057	46.581252	145.336295	0.003948	3.6
580	-0.257723	46.661703	145.163487	0.003713	4.3
581	-0.206515	46.742155	144.991089	0.002431	4.1
582	-0.103394	46.822606	144.819101	0.002992	4.1
583	-0.258298	46.903057	144.647520	0.003635	3.6
584	-0.339876	46.983508	144.476345	0.004241	3.9
585	-0.134452	47.063959	144.305575	0.004954	3.9
586	-0.092087	47.144411	144.135208	0.001818	3.9
587	-0.350618	47.224862	143.965243	0.004063	3.5
588	-0.191947	47.305313	143.795678	0.003553	3.8
589	-0.255861	47.385764	143.626512	0.003171	3.8
590	-0.232028	47.466216	143.457744	0.003530	4.1
591	-0.364912	47.546667	143.289372	0.003784	3.4
592	-0.220287	47.627118	143.121394	0.005160	3.5
593	-0.208942	47.707569	142.953810	0.002527	3.8
594	-0.370886	47.788020	142.786618	0.005831	3.9
595	-0.161402	47.868472	142.619817	0.004888	3.6
596	-0.099944	47.948923	142.453405	0.003012	3.3
597	-0.290221	48.029374	142.287380	0.004358	4.1
598	-0.301576	48.109825	142.121743	0.003374	3.7
599	-0.179112	48.190276	141.956490	0.003777	3.7
600	-0.364423	48.270728	141.791622	0.004177	3.4
601	-0.270665	48.351179	141.627135	0.003476	3.7
602	-0.267948	48.431630	141.463030	0.003375	3.5
603	-0.105448	48.512081	141.299305	0.004517	4.0
604	-0.352142	48.592533	141.135959	0.005560	3.5
605	-0.378459	48.672984	140.972989	0.003088	3.4
606	-0.202067	48.753435	140.810396	0.003266	3.8
607	-0.166084	48.833886	140.648177	0.003023	4.1
608	-0.168982	48.914337	140.486332	0.004104	3.5
609	-0.241352	48.994789	140.324859	0.002555	3.4
610	-0.182187	49.075240	140.163756	0.002567	3.9
611	-0.279266	49.155691	140.003023	0.003832	3.6
612	-0.283879	49.236142	139.842658	0.002749	3.9
613	-0.230875	49.316593	139.682660	0.003475	3.4
614	-0.143377	49.397045	139.523028	0.004161	3.6
615	-0.326802	49.477496	139.363760	0.004665	3.6
616	-0.131982	49.557947	139.204855	0.003070	3.9
617	-0.243606	49.638398	139.046313	0.003646	3.5
618	-0.245230	49.718849	138.888131	0.003736	3.4
619	-0.283909	49.799301	138.730308	0.002947	4.1
620	-0.315901	49.879752	138.572844	0.002646	3.7
621	-0.413728	49.960203	138.415737	0.004192	3.8
622	-0.230419	50.040654	138.258986	0.004609	3.4
623	-0.113481	50.121106	138.102589	0.002085	3.8
624	-0.354529	50.201557	137.946546	0.003159	3.7
625	-0.324850	50.282008	137.790855	0.002606	4.0
626	-0.276360	50.362459	137.635515	0.004623	3.5
627	-0.313664	50.442910	137.480525	0.003879	3.6
628	-0.226136	50.523362	137.325883	0.004107	3.8
629	-0.347496	50.603813	137.171589	0.004045	3.8
630	-0.220258	50.684264	137.017642	0.003060	3.4
631	-0.209875	50.764715	136.864039	0.003643	3.4
632	-0.396701	50.845166	136.710781	0.004598	3.6
633	-0.106608	50.925618	136.557865	0.002302	3.8
634	-0.142582	51.006069	136.405291	0.003150	3.8
635	-0.202556	51.086520	136.253058	0.002954	4.0
636	-0.316290	51.166971	136.101164	0.003115	3.6
637	-0.134648	51.247423	135.949608	0.003344	4.1
638	-0.209380	51.327874	135.798390	0.002066	3.9
639	-0.108082	51.408325	135.647508	0.002784	3.3
640	-0.359248	51.488776	135.496960	0.005030	3.3
641	-0.243452	51.569227	135.346746	0.006724	3.9
642	-0.286800	51.649679	135.196865	0.004329	3.6
643	-0.140023	51.730130	135.047316	0.003638	4.0
644	-0.421263	51.810581	134.898097	0.003966	3.3
645	-0.103048	51.891032	134.749207	0.002896	3.8
646	-0.256044	51.971483	134.600646	0.005309	3.3
647	-0.398911	52.051935	134.452412	0.003925	3.8
648	-0.070472	52.132386	134.304504	0.004900	3.2
649	-0.217775	52.212837	134.156921	0.002973	3.3
650	-0.191868	52.293288	134.009662	0.001885	3.9
651	-0.369203	52.373740	133.862726	0.004259	3.6
652	-0.078700	52.454191	133.716112	0.002415	3.6
653	-0.233603	52.534642	133.569819	0.003157	3.2
654	-0.419532	52.615093	133.423845	0.004732	3.5
655	-0.061796	52.695544	133.278191	0.001878	3.5
656	-0.217017	52.775996	133.132853	0.003296	3.8
657	-0.137664	52.856447	132.987833	0.001928	3.4
658	-0.158191	52.936898	132.843128	0.003511	3.3
659	-0.381412	53.017349	132.698738	0.005865	3.8
660	-0.256690	53.097800	132.554661	0.002941	3.5
661	-0.167997	53.178252	132.410897	0.003672	3.4
662	-0.208890	53.258703	132.267444	0.003466	3.7
663	-0.219140	53.339154	132.124301	0.004582	3.8
664	-0.279939	53.419605	131.981469	0.004306	3.9
665	-0.374299	53.500056	131.838944	0.003813	4.2
666	-0.334144	53.580508	131.696728	0.005743	3.3
667	-0.188871	53.660959	131.554817	0.004028	3.2
668	-0.183256	53.741410	131.413212	0.002327	4.0
669	-0.214951	53.821861	131.271912	0.003766	3.5
670	-0.212203	53.902313	131.130915	0.003198	3.7
671	-0.268298	53.982764	130.990221	0.003946	3.3
672	-0.157059	54.063215	130.849828	0.003045	3.6
673	-0.387606	54.143666	130.709736	0.005965	3.8
674	-0.276571	54.224117	130.569944	0.004284	3.7
675	-0.285976	54.304569	130.430450	0.003880	3.3
676	-0.351198	54.385020	130.291254	0.005691	3.3
677	-0.223926	54.465471	130.152355	0.003458	3.9
678	-0.328889	54.545922	130.013752	0.003878	3.7
679	-0.420341	54.626373	129.875444	0.002810	3.6
680	-0.118690	54.706825	129.737429	0.003017	3.3
681	-0.145747	54.787276	129.599708	0.002104	3.6
682	-0.316640	54.867727	129.462278	0.003779	3.5
683	-0.091655	54.948178	129.325140	0.002433	3.8
684	-0.126455	55.028630	129.188292	0.004203	3.2
685	-0.216282	55.109081	129.051733	0.003775	3.4
686	-0.329837	55.189532	128.915463	0.005715	3.7
687	-0.346889	55.269983	128.779480	0.005215	3.3
688	-0.216453	55.350434	128.643784	0.004307	3.5
689	-0.310067	55.430886	128.508374	0.006285	3.5
690	-0.291065	55.511337	128.373248	0.004593	3.2
691	-0.279684	55.591788	128.238406	0.003336	3.9
692	-0.131566	55.672239	128.103847	0.001916	4.1
693	-0.327512	55.752690	127.969570	0.003666	3.5
694	-0.230305	55.833142	127.835574	0.003797	3.3
695	-0.258322	55.913593	127.701859	0.003796	3.7
696	-0.264445	55.994044	127.568423	0.003699	3.4
697	-0.134530	56.074495	127.435266	0.002876	3.7
698	-0.168955	56.154947	127.302386	0.004442	3.4
699	-0.118766	56.235398	127.169783	0.004185	3.2
700	-0.141706	56.315849	127.037457	0.002956	3.8
701	-0.189399	56.396300	126.905405	0.005263	3.7
702	-0.364883	56.476751	126.773627	0.005155	3.6
703	-0.227571	56.557203	126.642123	0.002105	3.3
704	-0.341896	56.637654	126.510892	0.002496	3.7
705	-0.225825	56.718105	126.379932	0.004337	3.4
706	-0.094190	56.798556	126.249243	0.002512	3.8
707	-0.129584	56.879007	126.118824	0.003325	3.3
708	-0.167056	56.959459	125.988674	0.003318	3.3
709	-0.279217	57.039910	125.858792	0.002837	3.8
710	-0.225978	57.120361	125.729178	0.005928	3.5
711	-0.347010	57.200812	125.599831	0.008778	3.8
712	-0.218254	57.281263	125.470750	0.003160	3.2
713	-0.361588	57.361715	125.341933	0.003968	3.6
714	-0.219395	57.442166	125.213381	0.005041	3.4
715	-0.105147	57.522617	125.085092	0.002922	3.3
716	-0.154823	57.603068	124.957066	0.002810	3.4
717	-0.135460	57.683520	124.829302	0.006079	3.3
718	-0.345006	57.763971	124.701798	0.004475	3.6
719	-0.367658	57.844422	124.574555	0.005160	3.4
720	-0.226230	57.924873	124.447572	0.006357	4.0
721	-0.167055	58.005324	124.320846	0.003158	3.3
722	-0.354405	58.085776	124.194379	0.005466	3.3
723	-0.257640	58.166227	124.068169	0.003771	3.9
724	-0.172963	58.246678	123.942215	0.002994	4.2
725	-0.121953	58.327129	123.816516	0.003152	3.4
726	-0.078580	58.407580	123.691073	0.003173	3.2
727	-0.395905	58.488032	123.565883	0.003287	3.6
728	-0.290678	58.568483	123.440946	0.005128	3.6
729	-0.248155	58.648934	123.316262	0.004393	3.9
730	-0.259349	58.729385	123.191829	0.003742	3.3
731	-0.324398	58.809837	123.067647	0.002762	3.3
732	-0.391238	58.890288	122.943715	0.005411	3.8
733	-0.089484	58.970739	122.820033	0.003537	3.9
734	-0.197894	59.051190	122.696599	0.003420	3.4
735	-0.365881	59.131641	122.573413	0.003689	3.3
736	-0.105060	59.212093	122.450475	0.001922	3.6
737	-0.154772	59.292544	122.327782	0.004028	3.6
738	-0.129554	59.372995	122.205335	0.002674	3.9
739	-0.309392	59.453446	122.083133	0.003520	3.3
740	-0.309477	59.533897	121.961176	0.003221	3.3
741	-0.257541	59.614349	121.839461	0.002839	3.9
742	-0.202828	59.694800	121.717989	0.002494	3.6
743	-0.237968	59.775251	121.596760	0.003071	3.4
744	-0.449895	59.855702	121.475771	0.003465	3.3
745	-0.092465	59.936154	121.355023	0.002040	3.6
746	-0.106549	60.016605	121.234515	0.002965	3.6
747	-0.095263	60.097056	121.114246	0.003364	3.7
748	-0.270516	60.177507	120.994216	0.005579	3.3
749	-0.124090	60.257958	120.874423	0.001598	3.3
750	-0.244690	60.338410	120.754867	0.003086	3.9
751	-0.304280	60.418861	120.635547	0.004078	3.9
752	-0.145436	60.499312	120.516463	0.001796	3.7
753	-0.233423	60.579763	120.397614	0.004262	3.3
754	-0.236157	60.660214	120.278998	0.004299	3.7
755	-0.188421	60.740666	120.160617	0.002932	3.5
756	-0.203412	60.821117	120.042468	0.003052	3.8
757	-0.251375	60.901568	119.924551	0.004836	3.3
758	-0.295838	60.982019	119.806866	0.003456	3.4
759	-0.128978	61.062470	119.689412	0.002027	3.8
760	-0.242544	61.142922	119.572187	0.002299	3.6
761	-0.320148	61.223373	119.455192	0.006122	3.7
762	-0.318617	61.303824	119.338426	0.002853	3.3
763	-0.268031	61.384275	119.221887	0.003146	3.6
764	-0.271150	61.464727	119.105577	0.003495	3.3
765	-0.255639	61.545178	118.989492	0.003467	3.9
766	-0.187383	61.625629	118.873634	0.002724	3.4
767	-0.221869	61.706080	118.758002	0.002016	3.3
768	-0.100725	61.786531	118.642594	0.001997	3.8
769	-0.344127	61.866983	118.527410	0.003792	3.2
770	-0.174658	61.947434	118.412449	0.003356	3.5
771	-0.309463	62.027885	118.297712	0.003461	3.3
772	-0.291712	62.108336	118.183196	0.003209	3.4
773	-0.251568	62.188787	118.068902	0.003454	3.8
774	-0.100504	62.269239	117.954829	0.003301	3.6
775	-0.243976	62.349690	117.840976	0.004095	3.2
776	-0.165980	62.430141	117.727343	0.004001	3.3
777	-0.139292	62.510592	117.613928	0.003263	3.6
778	-0.064570	62.591044	117.500732	0.002388	3.6
779	-0.192792	62.671495	117.387754	0.003305	3.9
780	-0.131366	62.751946	117.274992	0.002614	3.5
781	-0.257851	62.832397	117.162447	0.004217	3.3
782	-0.200906	62.912848	117.050118	0.003849	3.8
783	-0.391808	62.993300	116.938004	0.005450	4.0
784	-0.155776	63.073751	116.826105	0.003753	3.9
785	-0.155906	63.154202	116.714419	0.002603	3.3
786	-0.352899	63.234653	116.602947	0.005064	3.8
787	-0.170829	63.315104	116.491688	0.002696	3.5
788	-0.412055	63.395556	116.380640	0.003083	3.8
789	-0.118288	63.476007	116.269804	0.002672	3.3
790	-0.209884	63.556458	116.159180	0.004670	3.3
791	-0.408280	63.636909	116.048765	0.003212	3.7
792	-0.270438	63.717361	115.938560	0.003422	3.6
793	-0.175950	63.797812	115.828564	0.002622	3.5
794	-0.294332	63.878263	115.718777	0.002700	3.3
795	-0.211924	63.958714	115.609198	0.004858	3.6
796	-0.141713	64.039165	115.499826	0.002380	3.5
797	-0.380520	64.119617	115.390661	0.003799	3.3
798	-0.324403	64.200068	115.281702	0.003277	3.3
799	-0.337142	64.280519	115.172948	0.004601	3.2
800	-0.132619	64.360970	115.064400	0.003432	3.9
801	-0.251247	64.441421	114.956056	0.004605	3.4
802	-0.170525	64.521873	114.847916	0.003062	3.8
803	-0.127937	64.602324	114.739979	0.005657	3.3
804	-0.195722	64.682775	114.632244	0.003458	3.3
805	-0.279685	64.763226	114.524712	0.004221	3.8
806	-0.307588	64.843677	114.417382	0.003087	3.6
807	-0.245579	64.924129	114.310252	0.005365	3.5
808	-0.209574	65.004580	114.203323	0.003619	3.2
809	-0.278837	65.085031	114.096593	0.002928	3.9
810	-0.242494	65.165482	113.990063	0.004406	3.7
811	-0.120788	65.245934	113.883732	0.002642	4.1
812	-0.262180	65.326385	113.777599	0.004408	3.3
813	-0.296607	65.406836	113.671664	0.003570	3.3
814	-0.257716	65.487287	113.565925	0.003592	3.7
815	-0.252935	65.567738	113.460384	0.002502	3.7
816	-0.087149	65.648190	113.355038	0.003616	3.5
817	-0.106976	65.728641	113.249887	0.003347	3.3
818	-0.276319	65.809092	113.144932	0.003736	3.7
819	-0.305334	65.889543	113.040171	0.006279	3.3
820	-0.201413	65.969994	112.935603	0.004674	3.7
821	-0.115958	66.050446	112.831229	0.004059	3.6
822	-0.272992	66.130897	112.727048	0.003314	3.2
823	-0.086263	66.211348	112.623059	0.002510	3.7
824	-0.247774	66.291799	112.519262	0.004143	3.2
825	-0.097069	66.372251	112.415655	0.002354	3.3
826	-0.265473	66.452702	112.312240	0.004120	3.6
827	-0.197285	66.533153	112.209014	0.003904	3.6
828	-0.237923	66.613604	112.105978	0.004057	3.6
829	-0.101173	66.694055	112.003131	0.002935	3.9
830	-0.176639	66.774507	111.900473	0.004236	3.4
831	-0.131725	66.854958	111.798003	0.004321	3.3
832	-0.156881	66.935409	111.695720	0.002428	3.8
833	-0.200260	67.015860	111.593624	0.003917	3.6
834	-0.119760	67.096311	111.491714	0.003209	3.8
835	-0.181871	67.176763	111.389991	0.004059	3.3
836	-0.359910	67.257214	111.288453	0.005618	3.5
837	-0.395683	67.337665	111.187100	0.004641	3.6
838	-0.195275	67.418116	111.085931	0.003761	3.8
839	-0.275365	67.498567	110.984947	0.003325	3.2
840	-0.210011	67.579019	110.884146	0.004886	3.3
841	-0.260893	67.659470	110.783527	0.002251	3.6
842	-0.225254	67.739921	110.683091	0.003399	4.0
843	-0.334301	67.820372	110.582837	0.005698	4.3
844	-0.212808	67.900824	110.482765	0.003966	3.3
845	-0.313782	67.981275	110.382874	0.003123	3.5
846	-0.371612	68.061726	110.283163	0.003821	3.6
847	-0.307489	68.142177	110.183631	0.003247	4.1
848	-0.224644	68.222628	110.084280	0.004391	3.8
849	-0.291549	68.303080	109.985107	0.003825	3.3
850	-0.337001	68.383531	109.886113	0.004975	3.7
851	-0.100876	68.463982	109.787297	0.001827	3.3
852	-0.214546	68.544433	109.688659	0.002596	3.4
853	-0.165422	68.624884	109.590198	0.002227	3.3
854	-0.356868	68.705336	109.491913	0.004533	3.6
855	-0.199020	68.785787	109.393804	0.004104	3.6
856	-0.239552	68.866238	109.295871	0.003030	3.8
857	-0.247087	68.946689	109.198114	0.003275	3.4
858	-0.349423	69.027141	109.100531	0.004042	3.2
859	-0.115482	69.107592	109.003122	0.003746	3.8
860	-0.189031	69.188043	108.905887	0.003627	3.4
861	-0.182467	69.268494	108.808825	0.003048	3.8
862	-0.093882	69.348945	108.711936	0.003586	3.2
863	-0.278953	69.429397	108.615220	0.003471	3.3
864	-0.156958	69.509848	108.518675	0.002749	3.8
865	-0.297561	69.590299	108.422302	0.004561	3.8
866	-0.180513	69.670750	108.326100	0.003405	3.3
867	-0.282015	69.751201	108.230069	0.003361	3.3
868	-0.312523	69.831653	108.134208	0.005981	3.8
869	-0.117378	69.912104	108.038516	0.004438	4.0
870	-0.138644	69.992555	107.942994	0.002259	3.9
871	-0.115091	70.073006	107.847640	0.002109	3.4
872	-0.404546	70.153458	107.752455	0.003331	3.8
873	-0.383043	70.233909	107.657437	0.004627	3.6
874	-0.231261	70.314360	107.562587	0.004169	3.8
875	-0.297727	70.394811	107.467904	0.004079	3.4
876	-0.130141	70.475262	107.373388	0.002350	3.6
877	-0.224492	70.555714	107.279037	0.003450	3.7
878	-0.274096	70.636165	107.184852	0.003147	3.3
879	-0.209584	70.716616	107.090833	0.002541	3.3
880	-0.177498	70.797067	106.996978	0.002941	3.3
881	-0.228938	70.877518	106.903288	0.003140	3.3
882	-0.075342	70.957970	106.809761	0.001600	3.8
883	-0.215116	71.038421	106.716399	0.001640	3.6
884	-0.360118	71.118872	106.623199	0.004413	3.6
885	-0.274234	71.199323	106.530162	0.002363	3.5
886	-0.174326	71.279774	106.437287	0.003904	3.7
887	-0.155749	71.360226	106.344573	0.003151	3.3
888	-0.087079	71.440677	106.252022	0.001806	3.7
889	-0.307210	71.521128	106.159631	0.004382	3.5
890	-0.226750	71.601579	106.067400	0.002171	3.2
891	-0.289212	71.682031	105.975330	0.003909	3.9
892	-0.209951	71.762482	105.883420	0.002967	3.5
893	-0.369486	71.842933	105.791669	0.003055	3.8
894	-0.207989	71.923384	105.700076	0.002733	3.3
895	-0.181202	72.003835	105.608642	0.002658	3.6
896	-0.280514	72.084287	105.517367	0.004174	3.9
897	-0.406629	72.164738	105.426248	0.003750	4.2
898	-0.140074	72.245189	105.335288	0.004725	3.3
899	-0.141962	72.325640	105.244483	0.002498	3.3
900	-0.144893	72.406091	105.153836	0.002621	3.6
901	-0.351529	72.486543	105.063344	0.004317	3.6
902	-0.206397	72.566994	104.973008	0.002931	3.5
903	-0.198006	72.647445	104.882827	0.004554	3.2
904	-0.389088	72.727896	104.792801	0.004290	3.6
905	-0.331210	72.808348	104.702930	0.003794	3.2
906	-0.149901	72.888799	104.613212	0.003395	3.6
907	-0.151143	72.969250	104.523648	0.003173	3.5
908	-0.294279	73.049701	104.434237	0.004350	3.3
909	-0.105765	73.130152	104.344979	0.003094	3.8
910	-0.181717	73.210604	104.255874	0.002640	3.6
911	-0.243437	73.291055	104.166920	0.002657	3.7
912	-0.270384	73.371506	104.078119	0.003482	3.3
913	-0.127977	73.451957	103.989468	0.002036	3.3
914	-0.336077	73.532408	103.900969	0.005239	3.7
915	-0.385837	73.612860	103.812620	0.003757	3.7
916	-0.256226	73.693311	103.724421	0.004523	3.3
917	-0.232170	73.773762	103.636371	0.003421	3.2
918	-0.224632	73.854213	103.548471	0.004324	3.8
919	-0.244782	73.934665	103.460721	0.004780	3.4
920	-0.296615	74.015116	103.373118	0.003753	3.8
921	-0.259734	74.095567	103.285664	0.004994	3.4
922	-0.160152	74.176018	103.198358	0.003033	3.2
923	-0.392228	74.256469	103.111199	0.004527	4.2
924	-0.465237	74.336921	103.024188	0.003274	3.6
925	-0.191243	74.417372	102.937323	0.002364	3.5
926	-0.191805	74.497823	102.850604	0.002129	3.3
927	-0.237022	74.578274	102.764032	0.004288	3.7
928	-0.159076	74.658725	102.677605	0.004334	4.0
929	-0.258745	74.739177	102.591323	0.004218	3.9
930	-0.191738	74.819628	102.505186	0.004411	3.3
931	-0.221319	74.900079	102.419194	0.004428	3.4
932	-0.327223	74.980530	102.333346	0.003075	3.7
933	-0.303484	75.060981	102.247642	0.004753	3.7
934	-0.217764	75.141433	102.162081	0.003679	3.6
935	-0.405266	75.221884	102.076663	0.004826	3.8
936	-0.188972	75.302335	101.991388	0.003631	3.9
937	-0.079346	75.382786	101.906255	0.001837	3.5
938	-0.076400	75.463238	101.821264	0.003208	3.7
939	-0.094947	75.543689	101.736415	0.002347	3.3
940	-0.203491	75.624140	101.651707	0.003580	3.6
941	-0.301735	75.704591	101.567141	0.002594	3.5
942	-0.365689	75.785042	101.482714	0.004006	3.8
943	-0.161680	75.865494	101.398428	0.002755	3.6
944	-0.355888	75.945945	101.314282	0.005116	3.2
945	-0.136014	76.026396	101.230275	0.002518	3.9
946	-0.307965	76.106847	101.146408	0.005415	3.3
947	-0.110077	76.187298	101.062680	0.004178	3.6
948	-0.281496	76.267750	100.979090	0.002522	3.4
949	-0.164671	76.348201	100.895638	0.005102	3.1
950	-0.100994	76.428652	100.812324	0.002418	3.8
951	-0.072562	76.509103	100.729147	0.001774	3.7
952	-0.389381	76.589555	100.646108	0.004380	3.7
953	-0.378614	76.670006	100.563205	0.004787	3.3
954	-0.132418	76.750457	100.480439	0.003640	4.2
955	-0.166457	76.830908	100.397809	0.002722	3.9
956	-0.220423	76.911359	100.315314	0.002404	4.0
957	-0.214722	76.991811	100.232956	0.003650	3.3
958	-0.163615	77.072262	100.150732	0.003633	3.7
959	-0.110674	77.152713	100.068643	0.002568	3.6
960	-0.108040	77.233164	99.986689	0.003400	3.9
961	-0.140344	77.313615	99.904868	0.004572	3.4
962	-0.167686	77.394067	99.823182	0.003917	3.3
963	-0.280141	77.474518	99.741629	0.002786	3.8
964	-0.186863	77.554969	99.660209	0.003408	3.6
965	-0.332033	77.635420	99.578922	0.004944	3.6
966	-0.373619	77.715872	99.497767	0.004645	3.3
967	-0.060632	77.796323	99.416745	0.001703	3.6
968	-0.315965	77.876774	99.335854	0.002835	3.6
969	-0.214518	77.957225	99.255095	0.003276	3.9
970	-0.243398	78.037676	99.174467	0.003542	3.4
971	-0.366543	78.118128	99.093970	0.003775	3.2
972	-0.194088	78.198579	99.013604	0.003560	3.8
973	-0.173857	78.279030	98.933368	0.003836	3.6
974	-0.287209	78.359481	98.853262	0.003099	3.6
975	-0.308159	78.439932	98.773285	0.005752	3.3
976	-0.268411	78.520384	98.693438	0.003361	3.6
977	-0.380397	78.600835	98.613720	0.003706	3.6
978	-0.258125	78.681286	98.534130	0.002502	3.9
979	-0.127457	78.761737	98.454669	0.002755	3.4
980	-0.209758	78.842188	98.375336	0.002888	3.2
981	-0.113751	78.922640	98.296130	0.002324	3.7
982	-0.243569	79.003091	98.217052	0.002775	3.7
983	-0.174456	79.083542	98.138101	0.003658	4.0
984	-0.320033	79.163993	98.059277	0.004858	3.2
985	-0.069172	79.244445	97.980580	0.001917	3.6
986	-0.229519	79.324896	97.902009	0.003661	3.6
987	-0.176819	79.405347	97.823563	0.003047	3.8
988	-0.297819	79.485798	97.745243	0.004334	3.5
989	-0.163376	79.566249	97.667049	0.005032	3.1
990	-0.363492	79.646701	97.588979	0.004781	4.1
991	-0.237379	79.727152	97.511035	0.004335	3.6
992	-0.339767	79.807603	97.433214	0.004490	3.8
993	-0.234457	79.888054	97.355518	0.002438	3.3
994	-0.202952	79.968505	97.277946	0.003289	3.7
995	-0.375689	80.048957	97.200497	0.004158	3.6
996	-0.269165	80.129408	97.123171	0.004100	3.8
997	-0.137447	80.209859	97.045969	0.003373	3.4
998	-0.140399	80.290310	96.968888	0.004738	3.4
999	-0.197034	80.370762	96.891931	0.003404	3.7
1000	-0.140003	80.451213	96.815095	0.004606	3.4
1001	-0.259003	80.531664	96.738381	0.003131	3.6
1002	-0.273767	80.612115	96.661789	0.005051	3.3
1003	-0.255038	80.692566	96.585317	0.003036	3.5
1004	-0.119207	80.773018	96.508967	0.002448	3.6
1005	-0.278793	80.853469	96.432737	0.002965	3.8
1006	-0.178059	80.933920	96.356628	0.003473	3.4
1007	-0.307287	81.014371	96.280639	0.003858	3.3
1008	-0.272425	81.094822	96.204769	0.004514	3.8
1009	-0.168656	81.175274	96.129019	0.003531	3.4
1010	-0.237950	81.255725	96.053388	0.003661	3.7
1011	-0.307502	81.336176	95.977876	0.003448	3.5
1012	-0.162220	81.416627	95.902482	0.002927	3.3
1013	-0.413726	81.497079	95.827207	0.004024	3.7
1014	-0.282945	81.577530	95.752050	0.003219	3.8
1015	-0.333644	81.657981	95.677011	0.003729	3.5
1016	-0.172414	81.738432	95.602090	0.002848	3.3
1017	-0.181038	81.818883	95.527285	0.003262	3.6
1018	-0.281916	81.899335	95.452598	0.003059	3.5
1019	-0.204726	81.979786	95.378027	0.002321	3.7
1020	-0.210547	82.060237	95.303573	0.002602	3.3
1021	-0.167587	82.140688	95.229235	0.003103	3.2
1022	-0.352133	82.221139	95.155012	0.002712	3.9
1023	-0.205232	82.301591	95.080906	0.003085	3.6
1024	-0.160413	82.382042	95.006914	0.003083	3.6
1025	-0.206017	82.462493	94.933038	0.004115	3.3
1026	-0.287786	82.542944	94.859277	0.003422	3.7
1027	-0.192486	82.623395	94.785630	0.004102	3.5
1028	-0.327531	82.703847	94.712097	0.003121	3.9
1029	-0.431974	82.784298	94.638678	0.005074	3.4
1030	-0.286912	82.864749	94.565374	0.002229	3.3
1031	-0.169636	82.945200	94.492182	0.003851	3.8
1032	-0.118291	83.025652	94.419104	0.004618	3.7
1033	-0.280620	83.106103	94.346139	0.003270	3.5
1034	-0.112442	83.186554	94.273286	0.003346	3.3
1035	-0.230363	83.267005	94.200546	0.003274	3.5
1036	-0.115705	83.347456	94.127918	0.002885	3.7
1037	-0.290112	83.427908	94.055402	0.003659	3.8
1038	-0.360726	83.508359	93.982997	0.003136	3.4
1039	-0.176487	83.588810	93.910704	0.003482	3.3
1040	-0.347087	83.669261	93.838522	0.004859	3.8
1041	-0.161455	83.749712	93.766451	0.003614	3.3
1042	-0.165993	83.830164	93.694491	0.003992	3.3
1043	-0.132189	83.910615	93.622641	0.002420	3.3
1044	-0.203762	83.991066	93.550901	0.004119	3.2
1045	-0.180367	84.071517	93.479271	0.003056	3.9
1046	-0.256502	84.151969	93.407750	0.002973	4.2
1047	-0.104970	84.232420	93.336339	0.001777	3.3
1048	-0.249708	84.312871	93.265037	0.003357	3.4
1049	-0.146681	84.393322	93.193844	0.004848	3.8
1050	-0.333807	84.473773	93.122759	0.004779	3.3
1051	-0.227098	84.554225	93.051783	0.003304	3.6
1052	-0.442160	84.634676	92.980915	0.003946	3.3
1053	-0.141710	84.715127	92.910155	0.002286	3.3
1054	-0.168010	84.795578	92.839502	0.002902	3.9
1055	-0.177331	84.876029	92.768957	0.002418	3.6
1056	-0.237551	84.956481	92.698519	0.003481	3.4
1057	-0.115109	85.036932	92.628187	0.004010	3.4
1058	-0.094198	85.117383	92.557963	0.001836	3.7
1059	-0.106995	85.197834	92.487845	0.003685	3.4
1060	-0.224878	85.278286	92.417833	0.004053	4.1
1061	-0.208834	85.358737	92.347926	0.003862	3.7
1062	-0.407047	85.439188	92.278126	0.004329	3.3
1063	-0.153522	85.519639	92.208431	0.003459	3.7
1064	-0.222810	85.600090	92.138841	0.003281	3.5
1065	-0.389932	85.680542	92.069356	0.004860	3.5
1066	-0.398903	85.760993	91.999976	0.003596	3.4
1067	-0.279472	85.841444	91.930701	0.003206	3.7
1068	-0.121392	85.921895	91.861529	0.002445	3.3
1069	-0.341197	86.002346	91.792462	0.003625	3.3
1070	-0.324971	86.082798	91.723498	0.005957	3.5
1071	-0.278170	86.163249	91.654638	0.001937	3.2
1072	-0.356545	86.243700	91.585881	0.002845	3.8
1073	-0.288390	86.324151	91.517228	0.004060	3.8
1074	-0.237299	86.404602	91.448677	0.004083	4.3
1075	-0.234879	86.485054	91.380229	0.004474	3.3
1076	-0.207087	86.565505	91.311883	0.002793	3.6
1077	-0.249417	86.645956	91.243639	0.004046	3.5
1078	-0.401500	86.726407	91.175498	0.003519	3.8
1079	-0.095657	86.806859	91.107458	0.003182	3.3
1080	-0.348354	86.887310	91.039519	0.002671	3.3
1081	-0.132199	86.967761	90.971682	0.003227	3.9
1082	-0.217414	87.048212	90.903946	0.002645	3.5
1083	-0.177366	87.128663	90.836310	0.003010	3.7
1084	-0.212301	87.209115	90.768775	0.003644	3.3
1085	-0.168898	87.289566	90.701341	0.003364	3.3
1086	-0.185996	87.370017	90.634006	0.002454	3.6
1087	-0.140597	87.450468	90.566772	0.002816	3.9
1088	-0.227269	87.530919	90.499637	0.003632	3.3
1089	-0.134188	87.611371	90.432601	0.002271	3.3
1090	-0.322570	87.691822	90.365665	0.003371	3.7
1091	-0.194595	87.772273	90.298828	0.003622	3.4
1092	-0.370860	87.852724	90.232090	0.005464	3.7
1093	-0.177034	87.933176	90.165450	0.002052	3.4
1094	-0.193056	88.013627	90.098909	0.003638	3.3
1095	-0.278421	88.094078	90.032465	0.006256	3.6
1096	-0.206125	88.174529	89.966120	0.004376	3.6
1097	-0.188887	88.254980	89.899872	0.003669	3.4
1098	-0.233417	88.335432	89.833722	0.002770	3.3
1099	-0.192149	88.415883	89.767669	0.004089	3.6
1100	-0.104141	88.496334	89.701714	0.003898	3.7
1101	-0.123621	88.576785	89.635855	0.002177	3.8
1102	-0.317349	88.657236	89.570092	0.003848	3.2
1103	-0.230817	88.737688	89.504427	0.002904	3.3
1104	-0.357156	88.818139	89.438857	0.002998	3.9
1105	-0.255691	88.898590	89.373383	0.003120	3.8
1106	-0.243859	88.979041	89.308005	0.003264	3.9
1107	-0.162445	89.059493	89.242723	0.005848	3.3
1108	-0.165210	89.139944	89.177536	0.003079	3.6
1109	-0.289934	89.220395	89.112444	0.002595	3.6
1110	-0.271540	89.300846	89.047447	0.003176	3.8
1111	-0.209740	89.381297	88.982545	0.003529	3.3
1112	-0.109329	89.461749	88.917738	0.002341	3.3
1113	-0.221311	89.542200	88.853025	0.003678	3.8
1114	-0.206610	89.622651	88.788406	0.006036	3.5
1115	-0.141397	89.703102	88.723880	0.004288	3.6
1116	-0.103128	89.783553	88.659449	0.002976	3.3
1117	-0.286112	89.864005	88.595111	0.003528	3.6
1118	-0.157460	89.944456	88.530866	0.004826	3.5
1119	-0.376480	90.024907	88.466715	0.003816	3.8
1120	-0.402023	90.105358	88.402656	0.005421	3.3
1121	-0.429116	90.185809	88.338690	0.003947	3.4
1122	-0.201955	90.266261	88.274817	0.005217	3.8
1123	-0.261392	90.346712	88.211036	0.002068	3.3
1124	-0.101662	90.427163	88.147347	0.001518	3.3
1125	-0.106428	90.507614	88.083750	0.003648	3.2
1126	-0.222556	90.588066	88.020244	0.003943	3.3
1127	-0.273468	90.668517	87.956830	0.003740	3.8
1128	-0.353412	90.748968	87.893508	0.004086	3.6
1129	-0.230476	90.829419	87.830276	0.005412	3.4
1130	-0.087428	90.909870	87.767136	0.004473	3.5
1131	-0.213705	90.990322	87.704086	0.004622	3.4
1132	-0.201962	91.070773	87.641127	0.003662	3.9
1133	-0.122602	91.151224	87.578258	0.001948	4.1
1134	-0.288420	91.231675	87.515479	0.003078	3.6
1135	-0.291513	91.312126	87.452790	0.004262	3.1
1136	-0.388643	91.392578	87.390191	0.005915	3.8
1137	-0.281231	91.473029	87.327681	0.005320	3.7
1138	-0.057798	91.553480	87.265261	0.001673	3.7
1139	-0.165743	91.633931	87.202930	0.002782	3.2
1140	-0.231138	91.714383	87.140688	0.004432	3.6
1141	-0.187299	91.794834	87.078534	0.003619	3.6
1142	-0.309233	91.875285	87.016470	0.004742	3.7
1143	-0.174158	91.955736	86.954493	0.003191	3.5
1144	-0.135682	92.036187	86.892605	0.003738	3.4
1145	-0.229014	92.116639	86.830805	0.003185	3.8
1146	-0.252649	92.197090	86.769093	0.002494	3.5
1147	-0.419996	92.277541	86.707468	0.004835	3.6
1148	-0.297975	92.357992	86.645931	0.004253	3.2
1149	-0.259482	92.438443	86.584481	0.003848	3.6
1150	-0.351944	92.518895	86.523119	0.003104	3.4
1151	-0.317307	92.599346	86.461843	0.003132	3.3
1152	-0.190737	92.679797	86.400654	0.003319	3.4
1153	-0.349506	92.760248	86.339551	0.002872	3.2
1154	-0.129598	92.840700	86.278535	0.003706	3.5
1155	-0.189205	92.921151	86.217605	0.002024	3.4
1156	-0.345671	93.001602	86.156761	0.005608	4.0
1157	-0.146555	93.082053	86.096003	0.003316	3.3
1158	-0.286251	93.162504	86.035331	0.003902	3.3
1159	-0.256503	93.242956	85.974743	0.003389	3.9
1160	-0.347485	93.323407	85.914242	0.003593	3.8
1161	-0.226509	93.403858	85.853825	0.004665	3.5
1162	-0.257868	93.484309	85.793493	0.002779	3.3
1163	-0.210326	93.564760	85.733246	0.002318	3.5
1164	-0.304383	93.645212	85.673084	0.002412	3.9
1165	-0.396510	93.725663	85.613005	0.005323	4.5
1166	-0.229851	93.806114	85.553012	0.003554	3.4
1167	-0.310369	93.886565	85.493102	0.004483	3.3
1168	-0.128060	93.967016	85.433276	0.003660	3.7
1169	-0.314747	94.047468	85.373533	0.002911	3.7
1170	-0.154124	94.127919	85.313874	0.002513	3.4
1171	-0.086351	94.208370	85.254299	0.002125	3.2
1172	-0.199705	94.288821	85.194806	0.003348	3.8
1173	-0.237797	94.369273	85.135397	0.002252	3.3
1174	-0.394223	94.449724	85.076070	0.002244	3.7
1175	-0.382543	94.530175	85.016826	0.003113	3.4
1176	-0.124159	94.610626	84.957665	0.002280	3.2
1177	-0.344281	94.691077	84.898585	0.003220	4.0
1178	-0.141106	94.771529	84.839588	0.002893	3.6
1179	-0.193466	94.851980	84.780673	0.003729	3.5
1180	-0.351069	94.932431	84.721839	0.003943	3.3
1181	-0.120450	95.012882	84.663087	0.001902	3.7
1182	-0.228082	95.093333	84.604417	0.003561	3.6
1183	-0.415519	95.173785	84.545828	0.004099	3.8
1184	-0.139419	95.254236	84.487320	0.003040	3.4
1185	-0.389768	95.334687	84.428893	0.003268	3.4
1186	-0.149962	95.415138	84.370546	0.003740	3.8
1187	-0.331527	95.495590	84.312280	0.003993	3.6
1188	-0.144043	95.576041	84.254095	0.003489	3.5
1189	-0.118026	95.656492	84.195990	0.002620	3.5
1190	-0.161090	95.736943	84.137965	0.003706	3.7
1191	-0.228522	95.817394	84.080020	0.003964	4.0
1192	-0.216941	95.897846	84.022154	0.004250	4.1
1193	-0.249557	95.978297	83.964368	0.003428	3.4
1194	-0.130234	96.058748	83.906662	0.004523	3.3
1195	-0.231395	96.139199	83.849035	0.002776	3.6
1196	-0.249398	96.219650	83.791487	0.003202	3.8
1197	-0.120199	96.300102	83.734018	0.003639	3.5
1198	-0.159042	96.380553	83.676628	0.004023	3.1
1199	-0.393256	96.461004	83.619316	0.003018	3.9
1200	-0.344943	96.541455	83.562083	0.004656	3.3
1201	-0.243449	96.621907	83.504928	0.002823	3.7
1202	-0.255588	96.702358	83.447851	0.002570	3.8
1203	-0.379253	96.782809	83.390852	0.003851	3.1
1204	-0.237564	96.863260	83.333931	0.002782	3.9
1205	-0.256629	96.943711	83.277088	0.004443	3.9
1206	-0.120023	97.024163	83.220322	0.004753	3.6
1207	-0.225801	97.104614	83.163633	0.004463	3.9
1208	-0.320379	97.185065	83.107022	0.004290	4.0
1209	-0.272257	97.265516	83.050488	0.003526	3.5
1210	-0.238295	97.345967	82.994030	0.003819	3.7
1211	-0.194924	97.426419	82.937650	0.002770	3.4
1212	-0.214951	97.506870	82.881345	0.003532	3.6
1213	-0.383391	97.587321	82.825118	0.003487	3.6
1214	-0.302476	97.667772	82.768966	0.003828	3.8
1215	-0.223846	97.748223	82.712890	0.003686	3.4
1216	-0.282565	97.828675	82.656891	0.003680	3.2
1217	-0.162098	97.909126	82.600967	0.001612	3.9
1218	-0.258653	97.989577	82.545119	0.003520	3.6
1219	-0.084016	98.070028	82.489346	0.002270	3.6
1220	-0.132438	98.150480	82.433649	0.002130	3.3
1221	-0.244410	98.230931	82.378027	0.004282	3.6
1222	-0.186988	98.311382	82.322480	0.004697	3.8
1223	-0.115415	98.391833	82.267007	0.004194	4.4
1224	-0.345292	98.472284	82.211610	0.002887	3.4
1225	-0.302473	98.552736	82.156287	0.004397	3.2
1226	-0.094161	98.633187	82.101038	0.002925	3.9
1227	-0.271370	98.713638	82.045863	0.004329	3.7
1228	-0.334170	98.794089	81.990763	0.003939	3.9
1229	-0.134952	98.874540	81.935737	0.002668	3.5
1230	-0.107732	98.954992	81.880784	0.002836	4.2
1231	-0.342793	99.035443	81.825905	0.003305	3.9
1232	-0.155454	99.115894	81.771100	0.004872	3.9
1233	-0.351350	99.196345	81.716368	0.004645	3.8
1234	-0.170805	99.276797	81.661709	0.003682	3.8
1235	-0.107325	99.357248	81.607124	0.001819	3.5
1236	-0.264027	99.437699	81.552611	0.003580	3.7
1237	-0.268507	99.518150	81.498171	0.003882	3.4
1238	-0.210864	99.598601	81.443804	0.003843	3.3
1239	-0.315404	99.679053	81.389509	0.002950	3.8
1240	-0.231401	99.759504	81.335286	0.002443	3.6
1241	-0.113667	99.839955	81.281136	0.002262	3.6
1242	-0.269579	99.920406	81.227058	0.003185	3.4
1243	-0.227780	100.000857	81.173051	0.003832	3.8
1244	-0.279806	100.081309	81.119117	0.004889	3.6
1245	-0.175308	100.161760	81.065254	0.003469	4.0
1246	-0.209912	100.242211	81.011462	0.003078	3.7
1247	-0.079736	100.322662	80.957742	0.002000	3.7
1248	-0.214520	100.403114	80.904093	0.001610	4.0
1249	-0.130588	100.483565	80.850515	0.003571	4.5
1250	-0.329326	100.564016	80.797008	0.004235	3.5
1251	-0.104411	100.644467	80.743572	0.002706	3.4
1252	-0.111925	100.724918	80.690207	0.002678	4.1
1253	-0.199518	100.805370	80.636911	0.003460	3.7
1254	-0.310637	100.885821	80.583687	0.003183	3.9
1255	-0.382604	100.966272	80.530532	0.004124	3.4
1256	-0.318579	101.046723	80.477448	0.002905	4.0
1257	-0.327414	101.127174	80.424433	0.003356	3.8
1258	-0.319258	101.207626	80.371489	0.003133	3.8
1259	-0.397606	101.288077	80.318614	0.005619	3.7
1260	-0.414027	101.368528	80.265808	0.004047	3.8
1261	-0.151585	101.448979	80.213072	0.003568	3.7
1262	-0.334802	101.529430	80.160405	0.003704	3.9
1263	-0.209035	101.609882	80.107808	0.003253	3.8
1264	-0.341188	101.690333	80.055279	0.005389	3.4
1265	-0.165815	101.770784	80.002819	0.003396	3.7
1266	-0.251753	101.851235	79.950428	0.003013	3.9
1267	-0.343876	101.931687	79.898105	0.004508	3.7
1268	-0.151506	102.012138	79.845851	0.002872	4.0
1269	-0.195588	102.092589	79.793665	0.003121	4.1
1270	-0.132289	102.173040	79.741547	0.002048	3.8
1271	-0.126473	102.253491	79.689498	0.002401	3.9
1272	-0.227108	102.333943	79.637516	0.002992	3.4
1273	-0.113604	102.414394	79.585602	0.002845	3.9
1274	-0.384317	102.494845	79.533755	0.003003	3.5
1275	-0.291558	102.575296	79.481977	0.002759	3.8
1276	-0.280587	102.655747	79.430265	0.002648	3.6
1277	-0.182953	102.736199	79.378621	0.004068	3.5
1278	-0.134793	102.816650	79.327044	0.002647	4.1
1279	-0.199975	102.897101	79.275534	0.002451	4.4
1280	-0.151215	102.977552	79.224090	0.004281	3.6
1281	-0.134751	103.058004	79.172714	0.005542	3.4
1282	-0.285126	103.138455	79.121404	0.004053	3.8
1283	-0.218858	103.218906	79.070160	0.003620	4.0
1284	-0.231964	103.299357	79.018983	0.002905	3.6
1285	-0.316415	103.379808	78.967872	0.002790	3.4
1286	-0.096454	103.460260	78.916827	0.004655	4.0
1287	-0.218088	103.540711	78.865848	0.003267	3.6
1288	-0.128554	103.621162	78.814935	0.004279	3.7
1289	-0.119731	103.701613	78.764088	0.002046	3.4
1290	-0.388801	103.782064	78.713306	0.003365	3.6
1291	-0.165788	103.862516	78.662589	0.002997	3.6
1292	-0.138331	103.942967	78.611938	0.003346	3.8
1293	-0.222830	104.023418	78.561352	0.003020	3.5
1294	-0.105790	104.103869	78.510831	0.003266	3.1
1295	-0.111839	104.184321	78.460376	0.004416	3.9
1296	-0.163490	104.264772	78.409984	0.002046	3.6
1297	-0.222986	104.345223	78.359658	0.002818	3.6
1298	-0.252144	104.425674	78.309396	0.002949	3.3
1299	-0.092327	104.506125	78.259199	0.001625	3.6
1300	-0.084783	104.586577	78.209066	0.002902	3.6
1301	-0.179639	104.667028	78.158997	0.004052	3.8
1302	-0.261995	104.747479	78.108992	0.003398	3.5
1303	-0.450697	104.827930	78.059051	0.004247	3.2
1304	-0.277822	104.908381	78.009174	0.006732	4.0
1305	-0.112490	104.988833	77.959360	0.003215	3.8
1306	-0.168312	105.069284	77.909611	0.001790	3.8
1307	-0.171818	105.149735	77.859924	0.003185	3.4
1308	-0.199510	105.230186	77.810301	0.003385	3.7
1309	-0.177847	105.310637	77.760741	0.003406	3.5
1310	-0.291031	105.391089	77.711245	0.002856	3.9
1311	-0.318993	105.471540	77.661811	0.002790	3.4
1312	-0.275319	105.551991	77.612440	0.004491	3.4
1313	-0.140678	105.632442	77.563132	0.003544	3.9
1314	-0.424108	105.712894	77.513886	0.005110	3.7
1315	-0.231891	105.793345	77.464703	0.005090	3.5
1316	-0.285186	105.873796	77.415582	0.005802	3.5
1317	-0.157058	105.954247	77.366524	0.004433	3.6
1318	-0.396479	106.034698	77.317528	0.003938	3.5
1319	-0.084876	106.115150	77.268593	0.002918	3.8
1320	-0.184146	106.195601	77.219721	0.002779	3.5
1321	-0.364138	106.276052	77.170910	0.003031	3.3
1322	-0.323587	106.356503	77.122161	0.004573	3.9
1323	-0.189703	106.436954	77.073474	0.004538	3.6
1324	-0.107056	106.517406	77.024848	0.002056	3.6
1325	-0.300273	106.597857	76.976283	0.003456	3.5
1326	-0.237882	106.678308	76.927780	0.002671	3.6
1327	-0.126577	106.758759	76.879338	0.002875	3.6
1328	-0.153109	106.839211	76.830956	0.004406	3.8
1329	-0.272987	106.919662	76.782636	0.002547	3.5
1330	-0.398165	107.000113	76.734376	0.004470	3.3
1331	-0.277341	107.080564	76.686177	0.004600	3.9
1332	-0.138396	107.161015	76.638038	0.003515	3.5
1333	-0.344490	107.241467	76.589960	0.004218	3.7
1334	-0.217409	107.321918	76.541942	0.004021	3.3
1335	-0.093812	107.402369	76.493984	0.002248	3.6
1336	-0.298535	107.482820	76.446087	0.003642	3.9
1337	-0.339377	107.563271	76.398249	0.004925	4.4
1338	-0.233943	107.643723	76.350471	0.003035	3.4
1339	-0.242847	107.724174	76.302753	0.002566	3.3
1340	-0.081629	107.804625	76.255094	0.002162	3.6
1341	-0.218682	107.885076	76.207495	0.005339	3.7
1342	-0.275016	107.965528	76.159955	0.003299	3.5
1343	-0.215740	108.045979	76.112475	0.002871	3.3
1344	-0.251783	108.126430	76.065053	0.002929	3.7
1345	-0.204053	108.206881	76.017691	0.004052	3.5
1346	-0.320020	108.287332	75.970388	0.003381	3.8
1347	-0.143933	108.367784	75.923144	0.003205	3.5
1348	-0.179065	108.448235	75.875958	0.003858	3.3
1349	-0.120079	108.528686	75.828831	0.002358	3.9
1350	-0.158646	108.609137	75.781762	0.003527	3.6
1351	-0.302741	108.689588	75.734752	0.004109	3.4
1352	-0.233889	108.770040	75.687800	0.003095	3.2
1353	-0.332559	108.850491	75.640906	0.003490	3.6
1354	-0.251440	108.930942	75.594071	0.004108	3.6
1355	-0.133960	109.011393	75.547293	0.002256	3.9
1356	-0.256765	109.091844	75.500573	0.004349	3.4
1357	-0.092081	109.172296	75.453911	0.003108	3.2
1358	-0.069212	109.252747	75.407306	0.001364	3.8
1359	-0.200506	109.333198	75.360760	0.003215	3.7
1360	-0.104185	109.413649	75.314270	0.002715	3.5
1361	-0.168028	109.494101	75.267838	0.003217	3.2
1362	-0.086992	109.574552	75.221463	0.002214	3.5
1363	-0.137006	109.655003	75.175145	0.001992	4.0
1364	-0.349815	109.735454	75.128884	0.003838	4.1
1365	-0.193438	109.815905	75.082680	0.002428	3.4
1366	-0.242759	109.896357	75.036533	0.003896	3.2
1367	-0.219495	109.976808	74.990443	0.003681	3.8
1368	-0.380842	110.057259	74.944409	0.002553	3.6
1369	-0.266592	110.137710	74.898431	0.007630	3.5
1370	-0.154404	110.218161	74.852510	0.003877	3.3
1371	-0.317782	110.298613	74.806646	0.005527	3.5
1372	-0.215226	110.379064	74.760837	0.001752	3.5
1373	-0.203761	110.459515	74.715085	0.002887	3.8
1374	-0.402801	110.539966	74.669388	0.004475	3.9
1375	-0.255178	110.620418	74.623747	0.002911	3.3
1376	-0.406397	110.700869	74.578163	0.002545	4.1
1377	-0.332135	110.781320	74.532633	0.004084	3.6
1378	-0.070176	110.861771	74.487160	0.002554	3.7
1379	-0.318588	110.942222	74.441741	0.003658	3.8
1380	-0.263864	111.022674	74.396379	0.004985	3.8
1381	-0.252491	111.103125	74.351071	0.007123	3.5
1382	-0.257512	111.183576	74.305818	0.002434	3.6
1383	-0.217387	111.264027	74.260621	0.003746	3.4
1384	-0.168747	111.344478	74.215479	0.005251	3.3
1385	-0.318522	111.424930	74.170391	0.002604	3.9
1386	-0.346536	111.505381	74.125358	0.003907	3.7
1387	-0.162228	111.585832	74.080380	0.004543	3.3
1388	-0.272196	111.666283	74.035456	0.002885	3.6
1389	-0.088710	111.746735	73.990587	0.001602	3.6
1390	-0.362172	111.827186	73.945772	0.002906	3.8
1391	-0.192037	111.907637	73.901011	0.003866	4.1
1392	-0.212696	111.988088	73.856305	0.003819	3.5
1393	-0.208049	112.068539	73.811653	0.003030	3.4
1394	-0.313700	112.148991	73.767054	0.003371	3.6
1395	-0.197699	112.229442	73.722510	0.001871	3.7
1396	-0.216349	112.309893	73.678019	0.004619	3.4
1397	-0.280735	112.390344	73.633582	0.003097	3.3
1398	-0.287435	112.470795	73.589198	0.003293	3.7
1399	-0.176577	112.551247	73.544868	0.003070	3.4
1400	-0.334221	112.631698	73.500591	0.003175	3.8
1401	-0.283482	112.712149	73.456368	0.004025	3.4
1402	-0.245395	112.792600	73.412198	0.004161	3.2
1403	-0.251562	112.873051	73.368080	0.005740	3.8
1404	-0.121733	112.953503	73.324016	0.002331	3.5
1405	-0.263726	113.033954	73.280005	0.004877	3.5
1406	-0.422211	113.114405	73.236046	0.004322	3.4
1407	-0.308591	113.194856	73.192141	0.003977	3.6
1408	-0.169403	113.275308	73.148288	0.004894	3.6
1409	-0.220285	113.355759	73.104487	0.002763	3.9
1410	-0.126147	113.436210	73.060739	0.002213	3.5
1411	-0.237477	113.516661	73.017043	0.003928	3.2
1412	-0.256280	113.597112	72.973399	0.003314	3.8
1413	-0.244667	113.677564	72.929808	0.003298	3.5
1414	-0.288493	113.758015	72.886268	0.003566	3.7
1415	-0.235876	113.838466	72.842781	0.003388	3.3
1416	-0.100572	113.918917	72.799345	0.002266	3.6
1417	-0.397893	113.999368	72.755961	0.003719	3.6
1418	-0.107118	114.079820	72.712629	0.001896	3.9
1419	-0.235213	114.160271	72.669348	0.002851	3.6
1420	-0.372444	114.240722	72.626119	0.004190	3.3
1421	-0.161748	114.321173	72.582941	0.002831	4.0
1422	-0.218475	114.401625	72.539815	0.002887	4.5
1423	-0.406871	114.482076	72.496740	0.004236	3.4
1424	-0.130796	114.562527	72.453716	0.002047	3.6
1425	-0.254563	114.642978	72.410743	0.003282	3.8
1426	-0.138650	114.723429	72.367821	0.002379	3.5
1427	-0.409466	114.803881	72.324949	0.004029	3.6
1428	-0.355667	114.884332	72.282129	0.004295	3.4
1429	-0.379947	114.964783	72.239359	0.004509	3.3
1430	-0.183476	115.045234	72.196640	0.003728	3.9
1431	-0.190705	115.125685	72.153971	0.003662	3.7
1432	-0.249557	115.206137	72.111353	0.004872	3.4
1433	-0.417217	115.286588	72.068785	0.005174	3.4
1434	-0.350116	115.367039	72.026267	0.004492	3.8
1435	-0.154288	115.447490	71.983800	0.004093	3.6
1436	-0.180717	115.527942	71.941382	0.002728	3.6
1437	-0.096282	115.608393	71.899014	0.001431	3.4
1438	-0.234368	115.688844	71.856697	0.002122	3.3
1439	-0.365730	115.769295	71.814429	0.005005	3.8
1440	-0.326588	115.849746	71.772210	0.003640	3.7
1441	-0.252419	115.930198	71.730042	0.002745	3.3
1442	-0.241462	116.010649	71.687923	0.003161	3.4
1443	-0.173658	116.091100	71.645853	0.003589	3.5
1444	-0.136231	116.171551	71.603833	0.003108	3.5
1445	-0.245679	116.252002	71.561862	0.003822	3.8
1446	-0.115626	116.332454	71.519940	0.002143	3.5
1447	-0.128858	116.412905	71.478067	0.004517	3.8
1448	-0.335352	116.493356	71.436243	0.003407	3.9
1449	-0.362737	116.573807	71.394468	0.003197	4.1
1450	-0.362938	116.654258	71.352742	0.003429	3.3
1451	-0.134206	116.734710	71.311065	0.003704	3.3
1452	-0.101742	116.815161	71.269436	0.001795	3.7
1453	-0.273475	116.895612	71.227856	0.003500	3.4
1454	-0.189538	116.976063	71.186324	0.004528	3.7
1455	-0.192674	117.056515	71.144841	0.003568	3.5
1456	-0.132065	117.136966	71.103406	0.003778	3.2
1457	-0.150088	117.217417	71.062020	0.003148	3.8
1458	-0.071119	117.297868	71.020681	0.001864	3.5
1459	-0.375799	117.378319	70.979391	0.003760	3.5
1460	-0.104463	117.458771	70.938148	0.002270	3.4
1461	-0.161120	117.539222	70.896954	0.002506	3.7
1462	-0.188125	117.619673	70.855807	0.002775	3.5
1463	-0.238242	117.700124	70.814708	0.003962	3.9
1464	-0.071522	117.780575	70.773657	0.001834	3.4
1465	-0.249400	117.861027	70.732653	0.003041	3.3
1466	-0.241002	117.941478	70.691697	0.001811	3.9
1467	-0.147626	118.021929	70.650788	0.003356	3.6
1468	-0.318785	118.102380	70.609926	0.004385	3.5
1469	-0.289348	118.182832	70.569112	0.003840	3.3
1470	-0.430341	118.263283	70.528345	0.004012	3.6
1471	-0.351187	118.343734	70.487625	0.004135	3.5
1472	-0.104780	118.424185	70.446951	0.002911	3.8
1473	-0.122153	118.504636	70.406325	0.002441	3.4
1474	-0.224365	118.585088	70.365746	0.003168	3.7
1475	-0.311687	118.665539	70.325213	0.004156	4.1
1476	-0.149905	118.745990	70.284727	0.003088	3.6
1477	-0.213543	118.826441	70.244288	0.003299	3.6
1478	-0.401743	118.906892	70.203895	0.004889	3.6
1479	-0.292936	118.987344	70.163549	0.004417	3.7
1480	-0.254315	119.067795	70.123249	0.005113	3.8
1481	-0.147770	119.148246	70.082995	0.004122	4.1
1482	-0.261904	119.228697	70.042787	0.004318	3.9
1483	-0.228765	119.309149	70.002626	0.004190	3.7
1484	-0.143601	119.389600	69.962510	0.003437	3.6
1485	-0.232170	119.470051	69.922441	0.004941	3.7
1486	-0.250820	119.550502	69.882417	0.003821	3.5
1487	-0.287992	119.630953	69.842439	0.002867	3.3
1488	-0.206040	119.711405	69.802507	0.003007	3.9
1489	-0.230161	119.791856	69.762620	0.004015	3.6
1490	-0.112575	119.872307	69.722780	0.003986	3.3
1491	-0.235359	119.952758	69.682984	0.004146	3.4
1492	-0.228154	120.033209	69.643234	0.005681	3.6
1493	-0.368344	120.113661	69.603529	0.003248	3.7
1494	-0.357810	120.194112	69.563870	0.005440	3.8
1495	-0.189755	120.274563	69.524255	0.003194	3.3
1496	-0.238593	120.355014	69.484686	0.004543	3.3
1497	-0.345300	120.435465	69.445162	0.005272	3.9
1498	-0.427991	120.515917	69.405683	0.003926	3.7
1499	-0.281401	120.596368	69.366248	0.004439	3.3
