1:ItNr	2:Metric	3a:Time	3b:StepSize	4:||Gradient||	Time[ms]
0	-0.033177	0.000000	473.041707	0.000938	1615.8
1	-0.100504	0.209516	468.368822	0.005249	4.5
2	-0.259309	0.419031	463.787355	0.003794	3.6
3	-0.279774	0.628547	459.294650	0.005262	3.5
4	-0.045844	0.838062	454.888151	0.002951	4.3
5	-0.269745	1.047578	450.565401	0.002646	4.0
6	-0.149101	1.257094	446.324035	0.002881	3.5
7	-0.180091	1.466609	442.161776	0.002850	3.5
8	-0.281512	1.676125	438.076431	0.007737	4.5
9	-0.241520	1.885640	434.065888	0.001421	4.2
10	-0.074218	2.095156	430.128111	0.001907	3.5
11	-0.161717	2.304672	426.261137	0.001857	3.6
12	-0.160087	2.514187	422.463074	0.002288	4.1
13	-0.112789	2.723703	418.732097	0.003795	4.6
14	-0.295427	2.933218	415.066442	0.002812	3.9
15	-0.223400	3.142734	411.464410	0.003419	3.6
16	-0.161410	3.352250	407.924359	0.003454	4.5
17	-0.219870	3.561765	404.444702	0.003438	4.3
18	-0.190853	3.771281	401.023907	0.004104	3.4
19	-0.316338	3.980796	397.660493	0.005986	3.5
20	-0.249412	4.190312	394.353028	0.007455	4.5
21	-0.042541	4.399828	391.100127	0.000639	4.0
22	-0.284108	4.609343	387.900452	0.003000	3.4
23	-0.352668	4.818859	384.752707	0.003399	3.4
24	-0.152173	5.028374	381.655637	0.001185	4.4
25	-0.070796	5.237890	378.608028	0.001270	4.0
26	-0.073010	5.447406	375.608706	0.002175	3.4
27	-0.193682	5.656921	372.656532	0.003455	3.4
28	-0.036112	5.866437	369.750402	0.001180	3.6
29	-0.208174	6.075953	366.889247	0.003272	4.3
30	-0.098598	6.285468	364.072033	0.000741	4.4
31	-0.228541	6.494984	361.297753	0.003375	3.4
32	-0.228191	6.704499	358.565434	0.003887	3.5
33	-0.037152	6.914015	355.874132	0.000570	4.3
34	-0.135403	7.123531	353.222929	0.005460	4.1
35	-0.051320	7.333046	350.610936	0.001575	3.5
36	-0.143221	7.542562	348.037290	0.002990	3.4
37	-0.141157	7.752077	345.501152	0.002608	4.4
38	-0.077997	7.961593	343.001708	0.002065	4.3
39	-0.068361	8.171109	340.538167	0.001616	3.3
40	-0.156238	8.380624	338.109762	0.003526	3.9
41	-0.172997	8.590140	335.715746	0.003761	4.3
42	-0.258520	8.799655	333.355393	0.004614	5.0
43	-0.142217	9.009171	331.028000	0.002175	4.6
44	-0.105050	9.218687	328.732879	0.001563	4.3
45	-0.143032	9.428202	326.469365	0.004775	4.6
46	-0.096348	9.637718	324.236809	0.001874	4.3
47	-0.060800	9.847233	322.034580	0.002241	4.0
48	-0.075107	10.056749	319.862064	0.001803	4.7
49	-0.211647	10.266265	317.718665	0.004385	4.5
50	-0.225506	10.475780	315.603800	0.008504	4.1
51	-0.060533	10.685296	313.516904	0.001433	3.6
52	-0.247201	10.894811	311.457425	0.004434	4.5
53	-0.375754	11.104327	309.424827	0.004160	4.7
54	-0.318981	11.313843	307.418587	0.002153	4.1
55	-0.051879	11.523358	305.438195	0.001680	4.0
56	-0.074201	11.732874	303.483156	0.000509	5.1
57	-0.391365	11.942389	301.552984	0.003895	4.2
58	-0.294112	12.151905	299.647210	0.006032	4.1
59	-0.047015	12.361421	297.765372	0.001020	4.6
60	-0.298977	12.570936	295.907024	0.007879	4.6
61	-0.226250	12.780452	294.071728	0.005491	4.2
62	-0.214119	12.989967	292.259057	0.003185	4.1
63	-0.340227	13.199483	290.468596	0.005099	4.6
64	-0.391223	13.408999	288.699940	0.006195	4.8
65	-0.294449	13.618514	286.952691	0.004613	4.4
66	-0.227361	13.828030	285.226465	0.005778	5.1
67	-0.384922	14.037545	283.520883	0.004782	4.5
68	-0.366419	14.247061	281.835578	0.004426	4.2
69	-0.204872	14.456577	280.170190	0.002224	3.9
70	-0.299904	14.666092	278.524369	0.003405	5.0
71	-0.187413	14.875608	276.897770	0.002342	4.2
72	-0.344646	15.085123	275.290061	0.002516	4.1
73	-0.300958	15.294639	273.700912	0.005555	3.6
74	-0.066606	15.504155	272.130006	0.001938	4.5
75	-0.201421	15.713670	270.577029	0.003625	4.0
76	-0.238442	15.923186	269.041677	0.004093	3.6
77	-0.131031	16.132702	267.523650	0.002265	3.5
78	-0.258511	16.342217	266.022658	0.007528	4.8
79	-0.306104	16.551733	264.538415	0.003232	4.1
80	-0.383632	16.761248	263.070642	0.003596	3.4
81	-0.230639	16.970764	261.619067	0.001952	3.4
82	-0.268374	17.180280	260.183423	0.002388	4.5
83	-0.036690	17.389795	258.763450	0.000804	4.1
84	-0.210166	17.599311	257.358892	0.002753	3.5
85	-0.061200	17.808826	255.969499	0.001487	3.5
86	-0.105029	18.018342	254.595027	0.002450	4.8
87	-0.111244	18.227858	253.235238	0.002607	4.1
88	-0.085992	18.437373	251.889896	0.004570	3.5
89	-0.173771	18.646889	250.558774	0.002062	3.5
90	-0.229398	18.856404	249.241646	0.005012	3.9
91	-0.315074	19.065920	247.938294	0.003178	4.1
92	-0.161833	19.275436	246.648502	0.002467	4.5
93	-0.248447	19.484951	245.372059	0.005887	4.3
94	-0.175583	19.694467	244.108760	0.001710	4.6
95	-0.221474	19.903982	242.858403	0.002076	4.4
96	-0.155141	20.113498	241.620789	0.001131	3.5
97	-0.282271	20.323014	240.395726	0.001816	3.5
98	-0.077196	20.532529	239.183022	0.003171	4.5
99	-0.255296	20.742045	237.982492	0.004812	4.1
100	-0.222459	20.951560	236.793953	0.001602	3.5
101	-0.440531	21.161076	235.617228	0.004162	3.5
102	-0.075431	21.370592	234.452139	0.000780	4.6
103	-0.240358	21.580107	233.298516	0.002240	4.5
104	-0.314509	21.789623	232.156191	0.006856	3.5
105	-0.422090	21.999138	231.024997	0.002293	3.3
106	-0.367253	22.208654	229.904774	0.004490	4.5
107	-0.185269	22.418170	228.795362	0.002123	3.9
108	-0.195925	22.627685	227.696606	0.002610	3.5
109	-0.104220	22.837201	226.608352	0.005688	3.4
110	-0.360186	23.046716	225.530451	0.006674	3.8
111	-0.335509	23.256232	224.462757	0.002836	4.4
112	-0.050893	23.465748	223.405123	0.000826	3.9
113	-0.092290	23.675263	222.357410	0.002285	3.4
114	-0.430905	23.884779	221.319478	0.001388	4.1
115	-0.327681	24.094294	220.291191	0.005258	4.2
116	-0.117918	24.303810	219.272415	0.004993	4.5
117	-0.222846	24.513326	218.263018	0.007164	5.0
118	-0.287178	24.722841	217.262873	0.005447	4.6
119	-0.311317	24.932357	216.271851	0.003554	4.5
120	-0.098139	25.141872	215.289829	0.003558	3.7
121	-0.293577	25.351388	214.316685	0.003548	3.8
122	-0.031577	25.560904	213.352299	0.000770	4.4
123	-0.057030	25.770419	212.396553	0.002044	4.0
124	-0.377622	25.979935	211.449332	0.004113	3.5
125	-0.218365	26.189450	210.510522	0.002177	3.6
126	-0.255524	26.398966	209.580011	0.006210	4.6
127	-0.191067	26.608482	208.657690	0.006127	4.5
128	-0.215772	26.817997	207.743452	0.003287	3.5
129	-0.125670	27.027513	206.837190	0.001463	3.4
130	-0.158751	27.237029	205.938801	0.001601	4.4
131	-0.398316	27.446544	205.048183	0.004396	4.1
132	-0.150130	27.656060	204.165234	0.001017	3.6
133	-0.085385	27.865575	203.289857	0.002158	3.4
134	-0.261428	28.075091	202.421955	0.006919	4.4
135	-0.271061	28.284607	201.561431	0.004032	4.1
136	-0.329750	28.494122	200.708193	0.004055	3.7
137	-0.124623	28.703638	199.862149	0.004800	3.6
138	-0.291373	28.913153	199.023207	0.002900	4.6
139	-0.338304	29.122669	198.191278	0.004575	3.9
140	-0.198920	29.332185	197.366276	0.005101	3.6
141	-0.051776	29.541700	196.548114	0.000776	3.5
142	-0.193662	29.751216	195.736707	0.003894	3.8
143	-0.068496	29.960731	194.931972	0.002098	4.1
144	-0.414809	30.170247	194.133826	0.004000	3.8
145	-0.213220	30.379763	193.342190	0.001322	4.0
146	-0.167121	30.589278	192.556984	0.003411	4.0
147	-0.342541	30.798794	191.778131	0.003928	3.8
148	-0.155852	31.008309	191.005552	0.002747	3.8
149	-0.215395	31.217825	190.239173	0.005627	3.5
150	-0.085761	31.427341	189.478919	0.003948	3.8
151	-0.179266	31.636856	188.724718	0.002260	4.4
152	-0.125822	31.846372	187.976497	0.005887	4.3
153	-0.249169	32.055887	187.234185	0.001649	3.3
154	-0.098171	32.265403	186.497713	0.002572	3.5
155	-0.058862	32.474919	185.767012	0.000970	4.3
156	-0.166215	32.684434	185.042014	0.002616	4.5
157	-0.280719	32.893950	184.322653	0.003684	3.5
158	-0.259247	33.103465	183.608864	0.006779	3.5
159	-0.252947	33.312981	182.900582	0.002925	4.7
160	-0.246601	33.522497	182.197743	0.003508	4.2
161	-0.027249	33.732012	181.500285	0.000174	3.5
162	-0.239517	33.941528	180.808147	0.006015	3.4
163	-0.153770	34.151043	180.121267	0.002453	4.9
164	-0.047339	34.360559	179.439587	0.000601	4.2
165	-0.349842	34.570075	178.763046	0.005070	3.4
166	-0.399921	34.779590	178.091589	0.005263	3.4
167	-0.185151	34.989106	177.425156	0.003265	4.2
168	-0.308311	35.198621	176.763692	0.005871	4.1
169	-0.371961	35.408137	176.107143	0.005286	4.4
170	-0.308205	35.617653	175.455452	0.003093	4.1
171	-0.287724	35.827168	174.808567	0.003323	4.7
172	-0.439704	36.036684	174.166434	0.003302	4.3
173	-0.124103	36.246199	173.529002	0.003101	3.5
174	-0.293736	36.455715	172.896218	0.007056	3.5
175	-0.375900	36.665231	172.268033	0.004385	4.4
176	-0.117321	36.874746	171.644395	0.002196	4.7
177	-0.180208	37.084262	171.025257	0.001965	3.5
178	-0.292653	37.293778	170.410570	0.002560	3.7
179	-0.172025	37.503293	169.800285	0.006196	4.2
180	-0.103999	37.712809	169.194356	0.003208	4.2
181	-0.164974	37.922324	168.592735	0.004487	3.4
182	-0.233785	38.131840	167.995379	0.004508	3.5
183	-0.262287	38.341356	167.402240	0.003386	4.3
184	-0.137542	38.550871	166.813275	0.003605	3.8
185	-0.147132	38.760387	166.228440	0.002423	3.5
186	-0.141414	38.969902	165.647691	0.002416	3.6
187	-0.263107	39.179418	165.070986	0.004308	4.4
188	-0.169160	39.388934	164.498282	0.002805	4.2
189	-0.124042	39.598449	163.929539	0.002629	3.4
190	-0.057593	39.807965	163.364715	0.000468	3.7
191	-0.172500	40.017480	162.803770	0.005134	4.1
192	-0.180187	40.226996	162.246664	0.004877	4.7
193	-0.259804	40.436512	161.693358	0.001702	3.9
194	-0.436481	40.646027	161.143812	0.003042	3.5
195	-0.190188	40.855543	160.597990	0.002428	4.6
196	-0.203856	41.065058	160.055853	0.003474	4.3
197	-0.308218	41.274574	159.517363	0.003173	3.5
198	-0.215090	41.484090	158.982485	0.002683	3.4
199	-0.195339	41.693605	158.451182	0.006471	4.6
200	-0.049602	41.903121	157.923418	0.000752	4.4
201	-0.223671	42.112636	157.399158	0.003008	3.5
202	-0.096686	42.322152	156.878368	0.001810	3.4
203	-0.324706	42.531668	156.361012	0.005459	4.5
204	-0.087568	42.741183	155.847057	0.003699	4.0
205	-0.080079	42.950699	155.336470	0.001355	3.5
206	-0.063541	43.160214	154.829218	0.002038	3.4
207	-0.157858	43.369730	154.325268	0.006109	4.5
208	-0.280698	43.579246	153.824588	0.005361	4.0
209	-0.402491	43.788761	153.327146	0.006968	3.5
210	-0.218043	43.998277	152.832911	0.007746	3.4
211	-0.239149	44.207792	152.341852	0.002067	3.8
212	-0.173856	44.417308	151.853938	0.003164	4.2
213	-0.259120	44.626824	151.369140	0.006708	4.1
214	-0.300299	44.836339	150.887427	0.007101	3.4
215	-0.091324	45.045855	150.408771	0.001644	3.6
216	-0.258486	45.255370	149.933142	0.006053	4.5
217	-0.218498	45.464886	149.460511	0.003423	4.2
218	-0.072745	45.674402	148.990851	0.001337	3.5
219	-0.252395	45.883917	148.524133	0.003366	3.3
220	-0.223496	46.093433	148.060330	0.003809	4.3
221	-0.086418	46.302948	147.599415	0.001830	4.2
222	-0.193541	46.512464	147.141361	0.003426	4.1
223	-0.351344	46.721980	146.686141	0.008011	3.9
224	-0.069457	46.931495	146.233728	0.002287	4.3
225	-0.243152	47.141011	145.784098	0.007984	4.4
226	-0.349631	47.350526	145.337225	0.004111	3.4
227	-0.286208	47.560042	144.893083	0.005111	3.9
228	-0.047993	47.769558	144.451646	0.002112	4.0
229	-0.100234	47.979073	144.012892	0.001538	4.0
230	-0.052110	48.188589	143.576795	0.001132	3.5
231	-0.243263	48.398105	143.143331	0.002539	3.4
232	-0.332987	48.607620	142.712476	0.008271	4.0
233	-0.297358	48.817136	142.284208	0.003158	4.1
234	-0.297686	49.026651	141.858502	0.004642	3.4
235	-0.327704	49.236167	141.435336	0.003322	3.6
236	-0.083501	49.445683	141.014686	0.003045	4.2
237	-0.262401	49.655198	140.596532	0.004215	4.1
238	-0.169799	49.864714	140.180850	0.001490	3.3
239	-0.055553	50.074229	139.767619	0.001267	3.4
240	-0.237418	50.283745	139.356818	0.005048	4.2
241	-0.171669	50.493261	138.948423	0.002949	3.9
242	-0.251558	50.702776	138.542416	0.003621	3.5
243	-0.147709	50.912292	138.138774	0.003320	3.7
244	-0.358167	51.121807	137.737478	0.005355	3.7
245	-0.366536	51.331323	137.338506	0.001664	4.2
246	-0.062274	51.540839	136.941839	0.001733	3.8
247	-0.184257	51.750354	136.547457	0.002431	4.3
248	-0.363925	51.959870	136.155339	0.003272	3.9
249	-0.127759	52.169385	135.765468	0.001219	4.0
250	-0.069491	52.378901	135.377823	0.000659	4.3
251	-0.132785	52.588417	134.992385	0.006071	3.4
252	-0.126807	52.797932	134.609135	0.001545	3.6
253	-0.408436	53.007448	134.228056	0.003924	4.4
254	-0.085565	53.216963	133.849128	0.002017	4.0
255	-0.217077	53.426479	133.472334	0.002065	3.3
256	-0.212548	53.635995	133.097655	0.002503	3.5
257	-0.288561	53.845510	132.725073	0.004561	4.3
258	-0.250450	54.055026	132.354572	0.002233	4.1
259	-0.149626	54.264541	131.986134	0.001882	3.5
260	-0.393965	54.474057	131.619741	0.003084	3.5
261	-0.278311	54.683573	131.255377	0.003850	4.5
262	-0.261370	54.893088	130.893024	0.004000	4.4
263	-0.052479	55.102604	130.532667	0.000487	3.3
264	-0.261430	55.312119	130.174288	0.008713	3.5
265	-0.425787	55.521635	129.817872	0.003492	4.6
266	-0.039854	55.731151	129.463402	0.001624	4.1
267	-0.222849	55.940666	129.110863	0.003566	3.5
268	-0.071469	56.150182	128.760239	0.004255	3.6
269	-0.110173	56.359697	128.411514	0.000757	4.5
270	-0.309718	56.569213	128.064672	0.005186	4.2
271	-0.242054	56.778729	127.719699	0.002967	3.5
272	-0.210495	56.988244	127.376580	0.003759	3.5
273	-0.202890	57.197760	127.035299	0.002093	3.9
274	-0.168290	57.407275	126.695843	0.001937	3.6
275	-0.152340	57.616791	126.358195	0.001395	4.4
276	-0.352481	57.826307	126.022343	0.003094	4.0
277	-0.193406	58.035822	125.688271	0.004180	4.6
278	-0.231418	58.245338	125.355965	0.002963	3.9
279	-0.046170	58.454854	125.025413	0.000764	3.5
280	-0.214180	58.664369	124.696598	0.001400	3.5
281	-0.371501	58.873885	124.369509	0.007338	3.9
282	-0.379456	59.083400	124.044131	0.002385	3.7
283	-0.145217	59.292916	123.720452	0.001771	4.2
284	-0.123688	59.502432	123.398457	0.001913	3.5
285	-0.290971	59.711947	123.078134	0.003683	4.1
286	-0.290137	59.921463	122.759470	0.003117	3.7
287	-0.142448	60.130978	122.442451	0.002688	4.3
288	-0.175688	60.340494	122.127066	0.003953	3.5
289	-0.107544	60.550010	121.813301	0.002913	3.8
290	-0.105427	60.759525	121.501144	0.003922	4.4
291	-0.259449	60.969041	121.190583	0.003072	4.1
292	-0.103901	61.178556	120.881606	0.003025	3.4
293	-0.173943	61.388072	120.574200	0.001396	4.1
294	-0.123050	61.597588	120.268353	0.001085	4.4
295	-0.378680	61.807103	119.964054	0.006887	3.9
296	-0.129805	62.016619	119.661292	0.002980	3.6
297	-0.238216	62.226134	119.360053	0.001759	3.7
298	-0.208443	62.435650	119.060328	0.003377	4.1
299	-0.355172	62.645166	118.762104	0.004986	4.3
300	-0.186885	62.854681	118.465370	0.002523	3.9
301	-0.236889	63.064197	118.170115	0.001238	3.9
302	-0.143573	63.273712	117.876329	0.003087	3.9
303	-0.186247	63.483228	117.583999	0.004921	4.4
304	-0.309946	63.692744	117.293116	0.004209	3.4
305	-0.102526	63.902259	117.003669	0.001672	3.3
306	-0.258300	64.111775	116.715647	0.005687	4.4
307	-0.289485	64.321290	116.429039	0.001660	3.8
308	-0.328050	64.530806	116.143835	0.002200	3.5
309	-0.303106	64.740322	115.860025	0.002212	3.5
310	-0.173502	64.949837	115.577599	0.003047	4.5
311	-0.310619	65.159353	115.296547	0.009194	4.3
312	-0.297883	65.368868	115.016858	0.003796	3.5
313	-0.156238	65.578384	114.738522	0.001167	3.7
314	-0.048478	65.787900	114.461531	0.001046	4.6
315	-0.133304	65.997415	114.185873	0.000908	4.2
316	-0.324887	66.206931	113.911541	0.005987	3.5
317	-0.299244	66.416446	113.638523	0.004604	3.6
318	-0.229094	66.625962	113.366811	0.003048	4.8
319	-0.142922	66.835478	113.096395	0.001583	4.0
320	-0.052724	67.044993	112.827266	0.001091	3.6
321	-0.102873	67.254509	112.559414	0.000789	3.6
322	-0.154478	67.464024	112.292832	0.001456	4.6
323	-0.406529	67.673540	112.027509	0.005461	4.3
324	-0.166532	67.883056	111.763437	0.002507	3.5
325	-0.202822	68.092571	111.500608	0.001960	3.4
326	-0.295121	68.302087	111.239011	0.003426	4.1
327	-0.263705	68.511603	110.978639	0.004562	4.6
328	-0.228799	68.721118	110.719483	0.003370	4.0
329	-0.231472	68.930634	110.461535	0.004951	3.5
330	-0.305537	69.140149	110.204786	0.004291	4.2
331	-0.136376	69.349665	109.949227	0.001778	4.0
332	-0.132930	69.559181	109.694851	0.001003	3.5
333	-0.140911	69.768696	109.441650	0.004388	3.4
334	-0.136375	69.978212	109.189614	0.002693	3.8
335	-0.025832	70.187727	108.938737	0.000984	3.7
336	-0.192402	70.397243	108.689010	0.003948	4.2
337	-0.266466	70.606759	108.440425	0.004540	3.5
338	-0.054816	70.816274	108.192975	0.001157	3.9
339	-0.197255	71.025790	107.946651	0.001644	3.8
340	-0.186895	71.235305	107.701447	0.001906	3.9
341	-0.312869	71.444821	107.457354	0.010338	3.5
342	-0.178899	71.654337	107.214365	0.001699	3.5
343	-0.301023	71.863852	106.972472	0.006390	4.1
344	-0.382234	72.073368	106.731669	0.005826	4.3
345	-0.461012	72.282883	106.491947	0.003231	3.5
346	-0.325349	72.492399	106.253299	0.003321	3.5
347	-0.228873	72.701915	106.015719	0.003318	4.4
348	-0.390724	72.911430	105.779199	0.005258	4.2
349	-0.183695	73.120946	105.543732	0.002820	3.5
350	-0.366810	73.330461	105.309310	0.007855	3.6
351	-0.129182	73.539977	105.075928	0.002154	4.1
352	-0.257891	73.749493	104.843578	0.008198	4.7
353	-0.300636	73.959008	104.612253	0.004583	3.9
354	-0.323602	74.168524	104.381947	0.004700	3.5
355	-0.234604	74.378039	104.152653	0.001975	4.5
356	-0.221709	74.587555	103.924364	0.003013	4.2
357	-0.228457	74.797071	103.697073	0.002609	3.4
358	-0.435821	75.006586	103.470775	0.006562	3.5
359	-0.380059	75.216102	103.245462	0.005723	4.5
360	-0.052537	75.425617	103.021128	0.000876	4.0
361	-0.021243	75.635133	102.797766	0.000651	3.7
362	-0.214490	75.844649	102.575372	0.006847	3.4
363	-0.093289	76.054164	102.353937	0.001411	4.4
364	-0.249040	76.263680	102.133457	0.004056	3.8
365	-0.287756	76.473195	101.913924	0.004576	3.5
366	-0.311608	76.682711	101.695333	0.007124	3.4
367	-0.052272	76.892227	101.477678	0.002228	3.7
368	-0.242562	77.101742	101.260952	0.003956	3.7
369	-0.348923	77.311258	101.045150	0.005434	4.3
370	-0.181606	77.520773	100.830266	0.001374	3.4
371	-0.273116	77.730289	100.616294	0.003600	3.7
372	-0.188693	77.939805	100.403229	0.002077	4.2
373	-0.284143	78.149320	100.191063	0.004806	4.4
374	-0.208734	78.358836	99.979793	0.004151	3.5
375	-0.446667	78.568351	99.769412	0.005788	3.6
376	-0.333341	78.777867	99.559914	0.004455	4.3
377	-0.111088	78.987383	99.351294	0.001682	4.3
378	-0.033433	79.196898	99.143546	0.001170	3.4
379	-0.196278	79.406414	98.936666	0.003148	3.4
380	-0.074430	79.615930	98.730647	0.003590	4.1
381	-0.331868	79.825445	98.525485	0.004060	4.1
382	-0.359675	80.034961	98.321173	0.005121	4.1
383	-0.057707	80.244476	98.117707	0.000808	3.5
384	-0.203092	80.453992	97.915081	0.004177	4.0
385	-0.305977	80.663508	97.713290	0.005067	4.0
386	-0.105553	80.873023	97.512330	0.001468	3.5
387	-0.223993	81.082539	97.312194	0.001893	3.6
388	-0.198787	81.292054	97.112878	0.002486	4.2
389	-0.069374	81.501570	96.914377	0.000973	4.4
390	-0.068604	81.711086	96.716686	0.000783	3.5
391	-0.072850	81.920601	96.519800	0.000864	3.5
392	-0.303127	82.130117	96.323714	0.003047	4.2
393	-0.333889	82.339632	96.128422	0.005629	3.9
394	-0.208527	82.549148	95.933922	0.004626	3.5
395	-0.200880	82.758664	95.740206	0.002210	3.5
396	-0.373373	82.968179	95.547271	0.003939	3.9
397	-0.306154	83.177695	95.355113	0.007423	3.8
398	-0.277384	83.387210	95.163726	0.004550	4.3
399	-0.197674	83.596726	94.973105	0.003476	3.4
400	-0.117710	83.806242	94.783247	0.001783	3.4
401	-0.255627	84.015757	94.594146	0.001692	4.3
402	-0.117165	84.225273	94.405798	0.002788	4.5
403	-0.354046	84.434788	94.218199	0.005825	3.8
404	-0.179721	84.644304	94.031343	0.003180	3.8
405	-0.324875	84.853820	93.845228	0.004788	4.1
406	-0.273552	85.063335	93.659848	0.004301	4.3
407	-0.170571	85.272851	93.475199	0.004160	4.0
408	-0.233224	85.482366	93.291276	0.003905	4.7
409	-0.227279	85.691882	93.108076	0.001024	4.7
410	-0.255429	85.901398	92.925594	0.002332	4.2
411	-0.311258	86.110913	92.743825	0.004280	4.1
412	-0.068361	86.320429	92.562767	0.001993	5.2
413	-0.245770	86.529944	92.382414	0.001879	4.1
414	-0.279919	86.739460	92.202762	0.004733	3.4
415	-0.176997	86.948976	92.023808	0.001822	3.6
416	-0.365783	87.158491	91.845547	0.003916	4.5
417	-0.227966	87.368007	91.667976	0.003729	4.2
418	-0.101245	87.577522	91.491090	0.001055	3.8
419	-0.373045	87.787038	91.314885	0.003891	3.5
420	-0.322600	87.996554	91.139357	0.004388	4.5
421	-0.157266	88.206069	90.964503	0.003915	4.2
422	-0.221878	88.415585	90.790319	0.002244	3.7
423	-0.391226	88.625100	90.616800	0.005320	3.5
424	-0.306983	88.834616	90.443944	0.002229	4.4
425	-0.264075	89.044132	90.271745	0.004346	3.9
426	-0.358017	89.253647	90.100201	0.008472	3.6
427	-0.115498	89.463163	89.929308	0.001516	3.7
428	-0.224945	89.672679	89.759062	0.003640	4.2
429	-0.067047	89.882194	89.589459	0.004055	4.4
430	-0.295311	90.091710	89.420496	0.001837	4.0
431	-0.215285	90.301225	89.252170	0.003858	3.6
432	-0.248076	90.510741	89.084475	0.003216	4.5
433	-0.198090	90.720257	88.917410	0.002333	4.0
434	-0.053748	90.929772	88.750970	0.000937	3.4
435	-0.241709	91.139288	88.585152	0.001590	3.5
436	-0.152056	91.348803	88.419952	0.002053	4.4
437	-0.063529	91.558319	88.255368	0.001303	4.0
438	-0.365543	91.767835	88.091395	0.005836	3.5
439	-0.351896	91.977350	87.928030	0.007281	3.5
440	-0.290750	92.186866	87.765270	0.004542	3.9
441	-0.295672	92.396381	87.603111	0.002626	3.9
442	-0.372487	92.605897	87.441551	0.006351	3.9
443	-0.368651	92.815413	87.280585	0.005572	3.4
444	-0.448373	93.024928	87.120211	0.004599	3.5
445	-0.246539	93.234444	86.960426	0.004028	4.3
446	-0.261175	93.443959	86.801225	0.008537	4.2
447	-0.234215	93.653475	86.642606	0.002973	3.4
448	-0.422761	93.862991	86.484566	0.003625	3.4
449	-0.244031	94.072506	86.327101	0.006711	4.6
450	-0.272651	94.282022	86.170208	0.003938	4.1
451	-0.047320	94.491537	86.013885	0.000820	3.5
452	-0.243461	94.701053	85.858128	0.001606	3.9
453	-0.349589	94.910569	85.702934	0.002964	3.7
454	-0.047883	95.120084	85.548300	0.000746	4.5
455	-0.233877	95.329600	85.394223	0.007219	3.4
456	-0.105014	95.539115	85.240701	0.001488	3.6
457	-0.083340	95.748631	85.087729	0.002648	4.2
458	-0.167969	95.958147	84.935305	0.001757	4.4
459	-0.314518	96.167662	84.783426	0.002606	4.1
460	-0.192304	96.377178	84.632090	0.004184	3.8
461	-0.236368	96.586693	84.481292	0.004716	4.0
462	-0.275844	96.796209	84.331032	0.003503	4.3
463	-0.251511	97.005725	84.181304	0.003039	3.5
464	-0.113312	97.215240	84.032108	0.001576	3.7
465	-0.279233	97.424756	83.883439	0.001846	5.3
466	-0.186106	97.634271	83.735296	0.003321	4.2
467	-0.243620	97.843787	83.587675	0.006890	4.9
468	-0.311238	98.053303	83.440573	0.003344	6.0
469	-0.285362	98.262818	83.293989	0.004271	5.6
470	-0.290756	98.472334	83.147918	0.006608	4.2
471	-0.109805	98.681849	83.002359	0.000344	5.1
472	-0.242836	98.891365	82.857309	0.004797	5.2
473	-0.065177	99.100881	82.712764	0.001017	3.8
474	-0.325966	99.310396	82.568723	0.006343	4.5
475	-0.143201	99.519912	82.425183	0.001726	4.5
476	-0.341290	99.729427	82.282142	0.008282	4.0
477	-0.124570	99.938943	82.139595	0.002510	3.8
478	-0.223393	100.148459	81.997542	0.002360	4.5
479	-0.304917	100.357974	81.855979	0.004444	5.2
480	-0.320893	100.567490	81.714905	0.002686	5.2
481	-0.185820	100.777006	81.574315	0.004489	5.1
482	-0.386860	100.986521	81.434209	0.004950	5.3
483	-0.189374	101.196037	81.294583	0.001971	4.0
484	-0.056509	101.405552	81.155435	0.002559	3.5
485	-0.137622	101.615068	81.016762	0.001335	4.5
486	-0.037343	101.824584	80.878563	0.001190	4.3
487	-0.334790	102.034099	80.740835	0.004656	3.4
488	-0.500272	102.243615	80.603574	0.002439	3.5
489	-0.148667	102.453130	80.466780	0.004157	5.1
490	-0.334514	102.662646	80.330449	0.003238	5.3
491	-0.182755	102.872162	80.194579	0.005001	4.0
492	-0.321628	103.081677	80.059168	0.003467	4.9
493	-0.152127	103.291193	79.924214	0.004161	4.6
494	-0.154825	103.500708	79.789713	0.002788	3.9
495	-0.277289	103.710224	79.655665	0.003475	4.3
496	-0.125641	103.919740	79.522066	0.001159	4.7
497	-0.061747	104.129255	79.388915	0.001927	4.4
498	-0.364519	104.338771	79.256209	0.004707	3.7
499	-0.251759	104.548286	79.123946	0.005663	4.5
500	-0.330376	104.757802	78.992124	0.005002	4.3
501	-0.455840	104.967318	78.860740	0.005992	4.7
502	-0.225775	105.176833	78.729792	0.002451	4.2
503	-0.045918	105.386349	78.599279	0.000726	5.1
504	-0.289512	105.595864	78.469197	0.003594	4.3
505	-0.127755	105.805380	78.339546	0.002587	3.7
506	-0.353064	106.014896	78.210322	0.003521	4.1
507	-0.154573	106.224411	78.081523	0.001516	5.0
508	-0.260178	106.433927	77.953149	0.002958	4.2
509	-0.365844	106.643442	77.825195	0.005263	3.6
510	-0.193543	106.852958	77.697661	0.001776	3.5
511	-0.406277	107.062474	77.570545	0.007379	4.5
512	-0.067226	107.271989	77.443843	0.001622	4.2
513	-0.136844	107.481505	77.317555	0.002570	3.5
514	-0.214784	107.691020	77.191678	0.005037	3.3
515	-0.182873	107.900536	77.066210	0.002359	4.1
516	-0.108943	108.110052	76.941150	0.001775	4.0
517	-0.038716	108.319567	76.816495	0.000795	3.4
518	-0.198956	108.529083	76.692243	0.002724	3.5
519	-0.121647	108.738598	76.568392	0.001661	3.7
520	-0.048217	108.948114	76.444940	0.000908	3.7
521	-0.300633	109.157630	76.321886	0.002209	4.9
522	-0.309932	109.367145	76.199228	0.004723	3.5
523	-0.367815	109.576661	76.076963	0.006865	3.8
524	-0.314015	109.786176	75.955090	0.004254	4.2
525	-0.093633	109.995692	75.833607	0.000843	4.2
526	-0.382444	110.205208	75.712512	0.005346	3.4
527	-0.066117	110.414723	75.591803	0.000620	3.3
528	-0.266466	110.624239	75.471478	0.003438	4.2
529	-0.214886	110.833755	75.351536	0.002345	4.1
530	-0.281056	111.043270	75.231974	0.004571	4.0
531	-0.365384	111.252786	75.112791	0.002539	3.6
532	-0.178429	111.462301	74.993985	0.004908	4.2
533	-0.082790	111.671817	74.875554	0.001156	4.4
534	-0.120857	111.881333	74.757497	0.001148	3.5
535	-0.225882	112.090848	74.639812	0.004330	3.6
536	-0.273074	112.300364	74.522496	0.001989	4.7
537	-0.401090	112.509879	74.405549	0.005862	4.0
538	-0.201134	112.719395	74.288968	0.004936	3.5
539	-0.170565	112.928911	74.172752	0.002740	3.5
540	-0.091682	113.138426	74.056899	0.001552	4.7
541	-0.109716	113.347942	73.941407	0.001275	4.1
542	-0.297488	113.557457	73.826275	0.002132	3.4
543	-0.176734	113.766973	73.711501	0.003571	3.5
544	-0.422072	113.976489	73.597083	0.005393	4.6
545	-0.209175	114.186004	73.483020	0.004757	4.0
546	-0.383754	114.395520	73.369310	0.006952	3.5
547	-0.082610	114.605035	73.255951	0.001209	3.8
548	-0.264696	114.814551	73.142942	0.005030	4.6
549	-0.288008	115.024067	73.030281	0.006697	4.0
550	-0.223725	115.233582	72.917967	0.004028	3.5
551	-0.319848	115.443098	72.805998	0.005598	3.5
552	-0.333649	115.652613	72.694371	0.005940	4.0
553	-0.072214	115.862129	72.583087	0.001314	4.7
554	-0.356989	116.071645	72.472143	0.001865	3.8
555	-0.242860	116.281160	72.361538	0.002513	3.7
556	-0.304658	116.490676	72.251269	0.002717	4.6
557	-0.059628	116.700191	72.141336	0.001531	4.2
558	-0.242348	116.909707	72.031738	0.005608	3.7
559	-0.157791	117.119223	71.922471	0.001266	3.5
560	-0.045330	117.328738	71.813536	0.000884	4.5
561	-0.088525	117.538254	71.704930	0.003168	4.1
562	-0.411429	117.747769	71.596653	0.005945	3.4
563	-0.331197	117.957285	71.488701	0.007234	3.4
564	-0.075189	118.166801	71.381075	0.002242	4.4
565	-0.068574	118.376316	71.273772	0.004015	4.1
566	-0.181123	118.585832	71.166792	0.002327	3.6
567	-0.425510	118.795347	71.060132	0.004907	3.5
568	-0.293595	119.004863	70.953791	0.002949	3.8
569	-0.159530	119.214379	70.847768	0.002003	4.2
570	-0.221296	119.423894	70.742062	0.001361	4.0
571	-0.153435	119.633410	70.636671	0.002158	3.3
572	-0.123145	119.842925	70.531593	0.001377	3.6
573	-0.444499	120.052441	70.426827	0.004109	4.3
574	-0.126439	120.261957	70.322372	0.002682	4.4
575	-0.153086	120.471472	70.218226	0.006014	3.5
576	-0.249343	120.680988	70.114389	0.005755	3.6
577	-0.239804	120.890503	70.010858	0.006516	4.1
578	-0.100184	121.100019	69.907632	0.002189	4.5
579	-0.076832	121.309535	69.804710	0.001678	4.0
580	-0.186151	121.519050	69.702091	0.003258	3.9
581	-0.288591	121.728566	69.599773	0.003748	4.3
582	-0.340257	121.938082	69.497755	0.004375	4.4
583	-0.292704	122.147597	69.396036	0.002773	3.5
584	-0.287190	122.357113	69.294614	0.004434	3.9
585	-0.220478	122.566628	69.193488	0.003899	4.3
586	-0.078695	122.776144	69.092657	0.002313	4.1
587	-0.226127	122.985660	68.992120	0.001795	3.5
588	-0.160038	123.195175	68.891874	0.005659	3.8
589	-0.232064	123.404691	68.791919	0.003020	4.1
590	-0.058704	123.614206	68.692254	0.000659	4.5
591	-0.046183	123.823722	68.592878	0.000825	3.5
592	-0.242284	124.033238	68.493788	0.002357	3.8
593	-0.244528	124.242753	68.394984	0.003105	4.3
594	-0.100019	124.452269	68.296465	0.002108	4.0
595	-0.071132	124.661784	68.198230	0.001095	3.4
596	-0.063032	124.871300	68.100276	0.000728	3.4
597	-0.189915	125.080816	68.002604	0.003063	4.5
598	-0.322261	125.290331	67.905211	0.002872	4.1
599	-0.228072	125.499847	67.808097	0.006220	3.4
600	-0.066795	125.709362	67.711260	0.001699	3.5
601	-0.058117	125.918878	67.614700	0.001275	4.3
602	-0.110386	126.128394	67.518414	0.002263	4.0
603	-0.134125	126.337909	67.422403	0.002848	3.4
604	-0.166029	126.547425	67.326664	0.003494	3.5
605	-0.267237	126.756940	67.231196	0.005992	4.1
606	-0.361752	126.966456	67.135999	0.004387	4.5
607	-0.168111	127.175972	67.041071	0.001990	4.3
608	-0.054642	127.385487	66.946411	0.002799	3.6
609	-0.262824	127.595003	66.852018	0.005686	4.5
610	-0.296853	127.804518	66.757891	0.008576	3.9
611	-0.214895	128.014034	66.664029	0.003672	3.5
612	-0.119635	128.223550	66.570430	0.004751	3.5
613	-0.062636	128.433065	66.477093	0.002056	4.6
614	-0.031249	128.642581	66.384018	0.000711	3.9
615	-0.039752	128.852096	66.291204	0.001096	3.7
616	-0.204014	129.061612	66.198648	0.002506	3.5
617	-0.389105	129.271128	66.106351	0.002433	4.4
618	-0.283758	129.480643	66.014310	0.007281	3.9
619	-0.064744	129.690159	65.922525	0.002141	3.5
620	-0.344619	129.899674	65.830996	0.004514	3.4
621	-0.176275	130.109190	65.739720	0.001718	3.8
622	-0.240211	130.318706	65.648697	0.002636	4.3
623	-0.331526	130.528221	65.557925	0.002239	3.9
624	-0.131681	130.737737	65.467405	0.002057	3.3
625	-0.121607	130.947252	65.377134	0.001837	3.5
626	-0.370422	131.156768	65.287111	0.004073	4.6
627	-0.158709	131.366284	65.197336	0.002496	4.4
628	-0.145511	131.575799	65.107808	0.001259	3.3
629	-0.163596	131.785315	65.018525	0.001330	3.7
630	-0.239400	131.994831	64.929487	0.002980	4.1
631	-0.278575	132.204346	64.840692	0.005925	4.4
632	-0.113650	132.413862	64.752140	0.002272	4.0
633	-0.049161	132.623377	64.663829	0.000671	3.9
634	-0.215767	132.832893	64.575759	0.002766	4.4
635	-0.060772	133.042409	64.487929	0.000828	4.1
636	-0.150875	133.251924	64.400337	0.004178	3.6
637	-0.291806	133.461440	64.312982	0.002648	4.1
638	-0.367435	133.670955	64.225865	0.002143	4.1
639	-0.114333	133.880471	64.138983	0.003566	3.9
640	-0.137730	134.089987	64.052335	0.002124	3.8
641	-0.187648	134.299502	63.965922	0.002061	3.9
642	-0.251821	134.509018	63.879741	0.003332	4.2
643	-0.459337	134.718533	63.793793	0.004916	3.9
644	-0.176739	134.928049	63.708075	0.004795	3.8
645	-0.351932	135.137565	63.622587	0.005425	4.4
646	-0.340365	135.347080	63.537329	0.004705	4.5
647	-0.316669	135.556596	63.452298	0.005046	3.5
648	-0.164912	135.766111	63.367495	0.003008	3.9
649	-0.344783	135.975627	63.282919	0.001650	4.6
650	-0.173461	136.185143	63.198567	0.002985	4.6
651	-0.151903	136.394658	63.114441	0.002362	4.1
652	-0.074862	136.604174	63.030538	0.002409	3.7
653	-0.125761	136.813689	62.946858	0.003088	4.1
654	-0.277986	137.023205	62.863399	0.002633	4.7
655	-0.237328	137.232721	62.780162	0.002842	4.4
656	-0.274810	137.442236	62.697145	0.002752	3.9
657	-0.377334	137.651752	62.614347	0.004589	4.5
658	-0.023753	137.861267	62.531767	0.000489	4.5
659	-0.116045	138.070783	62.449406	0.005139	3.8
660	-0.064125	138.280299	62.367260	0.001043	4.0
661	-0.344899	138.489814	62.285331	0.002827	4.6
662	-0.058948	138.699330	62.203616	0.001628	4.0
663	-0.315805	138.908845	62.122116	0.001734	3.8
664	-0.331033	139.118361	62.040829	0.006822	4.7
665	-0.156570	139.327877	61.959754	0.001965	4.5
666	-0.134998	139.537392	61.878891	0.001685	3.7
667	-0.355234	139.746908	61.798239	0.005706	3.8
668	-0.237086	139.956423	61.717797	0.004158	4.5
669	-0.203766	140.165939	61.637564	0.001423	4.4
670	-0.360209	140.375455	61.557539	0.006545	3.9
671	-0.158817	140.584970	61.477722	0.002249	3.3
672	-0.118472	140.794486	61.398111	0.002681	4.9
673	-0.164872	141.004001	61.318707	0.002655	4.3
674	-0.105576	141.213517	61.239507	0.001732	3.5
675	-0.320805	141.423033	61.160512	0.004609	3.6
676	-0.368107	141.632548	61.081720	0.002594	4.9
677	-0.129748	141.842064	61.003131	0.004212	4.2
678	-0.085921	142.051579	60.924745	0.001662	3.6
679	-0.239667	142.261095	60.846559	0.002441	3.4
680	-0.224625	142.470611	60.768574	0.002161	4.5
681	-0.110343	142.680126	60.690788	0.000488	5.2
682	-0.178811	142.889642	60.613201	0.003736	5.6
683	-0.205380	143.099158	60.535813	0.001291	5.0
684	-0.126543	143.308673	60.458621	0.001099	4.0
685	-0.277610	143.518189	60.381627	0.001270	3.5
686	-0.103571	143.727704	60.304828	0.002295	3.4
687	-0.042693	143.937220	60.228224	0.000605	4.4
688	-0.254178	144.146736	60.151815	0.003011	4.0
689	-0.107915	144.356251	60.075599	0.001572	3.8
690	-0.053709	144.565767	59.999576	0.002371	3.4
691	-0.159350	144.775282	59.923746	0.002000	4.3
692	-0.096163	144.984798	59.848106	0.001636	4.2
693	-0.370616	145.194314	59.772658	0.006530	3.5
694	-0.325494	145.403829	59.697399	0.003498	3.5
695	-0.389254	145.613345	59.622330	0.003631	3.7
696	-0.122617	145.822860	59.547449	0.001063	4.2
697	-0.252120	146.032376	59.472757	0.002099	3.9
698	-0.127880	146.241892	59.398251	0.001559	3.5
699	-0.126664	146.451407	59.323932	0.001981	3.5
700	-0.369953	146.660923	59.249798	0.004024	4.4
701	-0.240681	146.870438	59.175850	0.003608	4.8
702	-0.252785	147.079954	59.102086	0.003412	3.8
703	-0.201932	147.289470	59.028505	0.005426	4.1
704	-0.136214	147.498985	58.955108	0.001964	4.2
705	-0.320418	147.708501	58.881893	0.003164	4.3
706	-0.255131	147.918016	58.808859	0.002115	4.2
707	-0.289714	148.127532	58.736007	0.003274	4.5
708	-0.165078	148.337048	58.663334	0.002195	4.0
709	-0.356951	148.546563	58.590842	0.005395	3.4
710	-0.263220	148.756079	58.518528	0.003456	3.6
711	-0.084218	148.965594	58.446392	0.000763	3.8
712	-0.117751	149.175110	58.374435	0.001475	3.8
713	-0.212691	149.384626	58.302654	0.001802	3.8
714	-0.136201	149.594141	58.231049	0.005152	3.5
715	-0.185852	149.803657	58.159620	0.001899	3.5
716	-0.138332	150.013172	58.088366	0.002428	4.0
717	-0.255828	150.222688	58.017287	0.004150	4.0
718	-0.120661	150.432204	57.946381	0.001915	3.5
719	-0.293499	150.641719	57.875649	0.002573	3.5
720	-0.077480	150.851235	57.805088	0.002444	4.1
721	-0.372994	151.060750	57.734700	0.008376	4.0
722	-0.161128	151.270266	57.664483	0.003022	3.7
723	-0.264041	151.479782	57.594437	0.002115	3.5
724	-0.114687	151.689297	57.524560	0.000841	4.1
725	-0.270097	151.898813	57.454853	0.002739	3.9
726	-0.110007	152.108328	57.385314	0.000972	3.5
727	-0.358868	152.317844	57.315944	0.005183	3.6
728	-0.226986	152.527360	57.246741	0.002093	3.9
729	-0.388334	152.736875	57.177705	0.006291	4.1
730	-0.203015	152.946391	57.108836	0.002416	4.1
731	-0.113497	153.155907	57.040132	0.003074	3.4
732	-0.115795	153.365422	56.971593	0.001194	3.6
733	-0.464698	153.574938	56.903219	0.003906	4.2
734	-0.044884	153.784453	56.835008	0.001335	4.5
735	-0.226933	153.993969	56.766961	0.004322	3.9
736	-0.423884	154.203485	56.699077	0.003169	3.9
737	-0.408880	154.413000	56.631355	0.004196	4.2
738	-0.080649	154.622516	56.563794	0.002008	4.2
739	-0.215012	154.832031	56.496395	0.004972	3.5
740	-0.307115	155.041547	56.429156	0.003075	3.7
741	-0.305886	155.251063	56.362076	0.005990	4.3
742	-0.157311	155.460578	56.295156	0.001477	4.5
743	-0.054042	155.670094	56.228395	0.001243	3.4
744	-0.177612	155.879609	56.161792	0.001404	3.5
745	-0.346862	156.089125	56.095347	0.004519	4.1
746	-0.221522	156.298641	56.029058	0.003231	4.4
747	-0.280671	156.508156	55.962926	0.002631	3.4
748	-0.147032	156.717672	55.896950	0.000733	3.5
749	-0.168267	156.927187	55.831129	0.002972	4.6
750	-0.373038	157.136703	55.765464	0.003602	4.0
751	-0.401824	157.346219	55.699952	0.004048	3.6
752	-0.350083	157.555734	55.634594	0.004993	3.5
753	-0.273680	157.765250	55.569390	0.002339	4.4
754	-0.127086	157.974765	55.504338	0.001855	4.4
755	-0.327305	158.184281	55.439438	0.003813	3.4
756	-0.265003	158.393797	55.374690	0.003999	3.4
757	-0.201858	158.603312	55.310093	0.001812	4.1
758	-0.207443	158.812828	55.245646	0.001984	4.7
759	-0.207067	159.022343	55.181349	0.001927	4.0
760	-0.282137	159.231859	55.117202	0.002389	3.5
761	-0.054714	159.441375	55.053204	0.001762	4.7
762	-0.379745	159.650890	54.989354	0.006239	4.2
763	-0.291909	159.860406	54.925653	0.007651	3.4
764	-0.352912	160.069921	54.862098	0.003585	3.6
765	-0.262238	160.279437	54.798691	0.003357	4.6
766	-0.048383	160.488953	54.735430	0.000908	4.3
767	-0.307958	160.698468	54.672315	0.003018	3.4
768	-0.427435	160.907984	54.609345	0.005560	3.4
769	-0.310913	161.117499	54.546520	0.004563	4.5
770	-0.190060	161.327015	54.483840	0.004629	4.1
771	-0.398009	161.536531	54.421303	0.003533	3.5
772	-0.180658	161.746046	54.358910	0.003500	3.4
773	-0.043359	161.955562	54.296659	0.000852	4.7
774	-0.180374	162.165077	54.234552	0.002548	4.0
775	-0.375725	162.374593	54.172586	0.006081	3.6
776	-0.221125	162.584109	54.110761	0.004982	3.5
777	-0.201665	162.793624	54.049077	0.004840	5.0
778	-0.150464	163.003140	53.987534	0.001350	4.3
779	-0.363358	163.212656	53.926131	0.002756	3.9
780	-0.200483	163.422171	53.864868	0.001275	3.8
781	-0.252958	163.631687	53.803743	0.005959	4.3
782	-0.096910	163.841202	53.742757	0.002416	4.8
783	-0.081230	164.050718	53.681909	0.002408	3.9
784	-0.206436	164.260234	53.621199	0.002255	3.5
785	-0.124050	164.469749	53.560626	0.002186	4.6
786	-0.056426	164.679265	53.500189	0.000934	4.2
787	-0.081643	164.888780	53.439889	0.000847	3.3
788	-0.167943	165.098296	53.379725	0.003453	3.5
789	-0.255813	165.307812	53.319696	0.002668	4.5
790	-0.151467	165.517327	53.259802	0.004644	4.0
791	-0.260903	165.726843	53.200042	0.002992	3.6
792	-0.316898	165.936358	53.140416	0.007045	3.5
793	-0.392689	166.145874	53.080924	0.004701	4.4
794	-0.238826	166.355390	53.021564	0.004913	4.0
795	-0.409350	166.564905	52.962338	0.002544	3.4
796	-0.161139	166.774421	52.903243	0.002486	3.4
797	-0.120734	166.983936	52.844280	0.002565	3.9
798	-0.339144	167.193452	52.785449	0.001543	3.9
799	-0.057188	167.402968	52.726748	0.000998	4.3
800	-0.177159	167.612483	52.668178	0.001968	3.4
801	-0.152454	167.821999	52.609738	0.001791	3.9
802	-0.117828	168.031514	52.551427	0.001891	4.3
803	-0.236924	168.241030	52.493245	0.002272	3.9
804	-0.327831	168.450546	52.435193	0.008424	3.5
805	-0.033935	168.660061	52.377268	0.000791	3.9
806	-0.066738	168.869577	52.319471	0.002106	4.0
807	-0.332070	169.079092	52.261802	0.003085	3.7
808	-0.035520	169.288608	52.204259	0.002253	3.4
809	-0.368821	169.498124	52.146843	0.003396	3.8
810	-0.346070	169.707639	52.089554	0.005429	4.2
811	-0.344796	169.917155	52.032390	0.005271	4.2
812	-0.355952	170.126670	51.975351	0.002902	4.2
813	-0.142690	170.336186	51.918438	0.002316	4.1
814	-0.374574	170.545702	51.861648	0.003827	4.0
815	-0.211088	170.755217	51.804983	0.003276	4.1
816	-0.203948	170.964733	51.748442	0.004110	3.5
817	-0.052742	171.174248	51.692024	0.001134	3.7
818	-0.080817	171.383764	51.635729	0.001801	3.4
819	-0.215814	171.593280	51.579556	0.004478	3.5
820	-0.375055	171.802795	51.523505	0.002795	3.4
821	-0.335440	172.012311	51.467576	0.003679	3.5
822	-0.294904	172.221826	51.411769	0.002851	4.4
823	-0.196368	172.431342	51.356082	0.003439	4.0
824	-0.320628	172.640858	51.300516	0.003719	3.6
825	-0.104774	172.850373	51.245069	0.001774	3.4
826	-0.390125	173.059889	51.189743	0.004937	4.5
827	-0.054733	173.269404	51.134536	0.000635	4.1
828	-0.057039	173.478920	51.079448	0.001580	3.5
829	-0.090320	173.688436	51.024478	0.004248	3.8
830	-0.224007	173.897951	50.969627	0.002956	4.7
831	-0.180007	174.107467	50.914893	0.003602	4.1
832	-0.255262	174.316983	50.860277	0.002440	3.8
833	-0.307563	174.526498	50.805778	0.002460	4.0
834	-0.164389	174.736014	50.751395	0.002134	4.2
835	-0.120911	174.945529	50.697129	0.001309	4.1
836	-0.172150	175.155045	50.642979	0.002696	4.9
837	-0.365813	175.364561	50.588944	0.005681	4.8
838	-0.159899	175.574076	50.535025	0.001928	4.5
839	-0.076997	175.783592	50.481220	0.003373	4.5
840	-0.352109	175.993107	50.427530	0.003290	3.8
841	-0.089151	176.202623	50.373954	0.002808	3.8
842	-0.205669	176.412139	50.320491	0.002614	3.6
843	-0.225368	176.621654	50.267142	0.003671	3.5
844	-0.056397	176.831170	50.213906	0.001732	4.0
845	-0.176540	177.040685	50.160783	0.001168	4.1
846	-0.264214	177.250201	50.107772	0.002900	4.5
847	-0.057560	177.459717	50.054873	0.001508	5.1
848	-0.164129	177.669232	50.002085	0.001834	3.8
849	-0.302594	177.878748	49.949409	0.005546	4.7
850	-0.075110	178.088263	49.896843	0.003781	4.2
851	-0.289745	178.297779	49.844388	0.005012	3.5
852	-0.127082	178.507295	49.792043	0.005612	3.7
853	-0.095712	178.716810	49.739808	0.003051	4.7
854	-0.044325	178.926326	49.687683	0.001659	4.2
855	-0.423547	179.135841	49.635666	0.004388	3.6
856	-0.057551	179.345357	49.583759	0.000896	3.5
857	-0.065998	179.554873	49.531960	0.001746	4.5
858	-0.112756	179.764388	49.480269	0.002667	4.0
859	-0.344262	179.973904	49.428685	0.005098	4.4
860	-0.415799	180.183419	49.377209	0.005629	5.0
861	-0.148825	180.392935	49.325841	0.002245	5.0
862	-0.272688	180.602451	49.274579	0.004114	4.2
863	-0.258609	180.811966	49.223423	0.003640	3.7
864	-0.038822	181.021482	49.172374	0.000511	3.9
865	-0.327292	181.230997	49.121430	0.004164	3.8
866	-0.194864	181.440513	49.070592	0.005650	4.0
867	-0.423594	181.650029	49.019859	0.002044	3.8
868	-0.215381	181.859544	48.969231	0.001697	3.8
869	-0.374716	182.069060	48.918707	0.005637	5.4
870	-0.156777	182.278575	48.868287	0.002647	5.8
871	-0.141501	182.488091	48.817972	0.002626	4.0
872	-0.229748	182.697607	48.767759	0.003294	4.3
873	-0.404226	182.907122	48.717650	0.005934	4.0
874	-0.357176	183.116638	48.667644	0.008659	3.5
875	-0.179968	183.326153	48.617740	0.002793	3.4
876	-0.057566	183.535669	48.567939	0.002556	4.3
877	-0.254385	183.745185	48.518239	0.006482	4.0
878	-0.106233	183.954700	48.468641	0.002605	3.7
879	-0.091976	184.164216	48.419145	0.001496	3.5
880	-0.426336	184.373732	48.369749	0.002142	3.8
881	-0.100621	184.583247	48.320454	0.001020	3.8
882	-0.206442	184.792763	48.271259	0.004222	4.3
883	-0.222531	185.002278	48.222165	0.003487	3.5
884	-0.077520	185.211794	48.173170	0.002501	3.8
885	-0.141844	185.421310	48.124275	0.002180	4.2
886	-0.053933	185.630825	48.075479	0.003391	4.2
887	-0.086587	185.840341	48.026781	0.002344	4.1
888	-0.268961	186.049856	47.978183	0.002671	3.7
889	-0.329974	186.259372	47.929682	0.004835	3.5
890	-0.147001	186.468888	47.881280	0.002077	3.4
891	-0.255753	186.678403	47.832975	0.003368	3.5
892	-0.042991	186.887919	47.784767	0.001554	3.5
893	-0.158987	187.097434	47.736657	0.001086	4.5
894	-0.142657	187.306950	47.688643	0.001870	4.1
895	-0.366034	187.516466	47.640726	0.004792	3.5
896	-0.156688	187.725981	47.592905	0.003240	3.4
897	-0.188978	187.935497	47.545180	0.003056	4.8
898	-0.084950	188.145012	47.497551	0.002875	4.0
899	-0.297221	188.354528	47.450017	0.004125	3.5
900	-0.140928	188.564044	47.402578	0.002056	3.3
901	-0.057650	188.773559	47.355233	0.000934	4.4
902	-0.084063	188.983075	47.307983	0.000723	4.0
903	-0.057274	189.192590	47.260828	0.001416	3.4
904	-0.308297	189.402106	47.213766	0.004187	3.4
905	-0.089193	189.611622	47.166798	0.001913	3.8
906	-0.165972	189.821137	47.119923	0.002540	4.4
907	-0.353547	190.030653	47.073142	0.004757	4.1
908	-0.278604	190.240168	47.026453	0.003977	3.5
909	-0.211904	190.449684	46.979857	0.003120	3.9
910	-0.198316	190.659200	46.933353	0.001805	4.1
911	-0.162638	190.868715	46.886940	0.001437	4.1
912	-0.024353	191.078231	46.840620	0.000378	4.4
913	-0.056468	191.287746	46.794391	0.001295	3.7
914	-0.277457	191.497262	46.748253	0.007655	3.6
915	-0.223630	191.706778	46.702206	0.002048	3.4
916	-0.095514	191.916293	46.656250	0.003307	3.4
917	-0.255988	192.125809	46.610384	0.001519	3.4
918	-0.052443	192.335324	46.564608	0.000865	4.6
919	-0.031925	192.544840	46.518922	0.000514	4.0
920	-0.379343	192.754356	46.473326	0.004876	3.5
921	-0.412929	192.963871	46.427819	0.003096	3.4
922	-0.130769	193.173387	46.382401	0.001460	4.2
923	-0.191900	193.382902	46.337071	0.001414	3.8
924	-0.343684	193.592418	46.291830	0.001597	3.5
925	-0.292041	193.801934	46.246678	0.003965	3.5
926	-0.118981	194.011449	46.201613	0.002563	4.0
927	-0.236338	194.220965	46.156636	0.001974	3.8
928	-0.236986	194.430480	46.111747	0.004894	3.7
929	-0.147557	194.639996	46.066945	0.003043	3.3
930	-0.081142	194.849512	46.022230	0.000829	3.4
931	-0.406734	195.059027	45.977601	0.004913	4.2
932	-0.222372	195.268543	45.933059	0.005290	3.9
933	-0.396663	195.478059	45.888604	0.004187	3.5
934	-0.331784	195.687574	45.844234	0.003735	3.7
935	-0.233105	195.897090	45.799950	0.003360	4.1
936	-0.090699	196.106605	45.755751	0.000843	4.3
937	-0.376141	196.316121	45.711638	0.005259	3.9
938	-0.270594	196.525637	45.667610	0.003832	3.5
939	-0.104819	196.735152	45.623666	0.002255	3.8
940	-0.233295	196.944668	45.579807	0.001363	3.5
941	-0.025082	197.154183	45.536032	0.000853	3.4
942	-0.210580	197.363699	45.492341	0.004037	3.4
943	-0.260059	197.573215	45.448734	0.004215	3.6
944	-0.277247	197.782730	45.405210	0.002110	4.0
945	-0.361957	197.992246	45.361770	0.005682	4.6
946	-0.288339	198.201761	45.318412	0.004150	3.6
947	-0.283047	198.411277	45.275138	0.002362	3.7
948	-0.204085	198.620793	45.231946	0.002121	4.3
949	-0.328720	198.830308	45.188836	0.004093	4.4
950	-0.208082	199.039824	45.145809	0.001456	3.5
951	-0.265251	199.249339	45.102863	0.001964	3.5
952	-0.280752	199.458855	45.059999	0.007435	4.3
953	-0.415815	199.668371	45.017217	0.004313	4.3
954	-0.047791	199.877886	44.974515	0.001573	3.5
955	-0.051073	200.087402	44.931895	0.001491	3.4
956	-0.125100	200.296917	44.889355	0.003113	4.0
957	-0.326084	200.506433	44.846895	0.003604	4.0
958	-0.266607	200.715949	44.804516	0.004294	3.5
959	-0.230659	200.925464	44.762217	0.003104	3.3
960	-0.330834	201.134980	44.719998	0.002901	4.4
961	-0.135215	201.344495	44.677858	0.004548	4.3
962	-0.245714	201.554011	44.635798	0.001950	3.5
963	-0.350808	201.763527	44.593817	0.001936	3.4
964	-0.139611	201.973042	44.551914	0.001765	3.9
965	-0.077385	202.182558	44.510090	0.003521	4.4
966	-0.099771	202.392073	44.468345	0.000871	4.0
967	-0.365499	202.601589	44.426678	0.007025	3.4
968	-0.218180	202.811105	44.385089	0.001097	4.3
969	-0.132146	203.020620	44.343578	0.002931	3.9
970	-0.202626	203.230136	44.302144	0.003911	3.5
971	-0.050457	203.439651	44.260788	0.000750	3.5
972	-0.013846	203.649167	44.219509	0.000574	4.0
973	-0.079289	203.858683	44.178307	0.002210	3.8
974	-0.352104	204.068198	44.137181	0.003028	4.3
975	-0.255164	204.277714	44.096132	0.003020	3.5
976	-0.164568	204.487229	44.055159	0.002825	4.1
977	-0.349609	204.696745	44.014263	0.003240	4.3
978	-0.049578	204.906261	43.973442	0.001351	4.1
979	-0.153379	205.115776	43.932697	0.001523	3.3
980	-0.224941	205.325292	43.892027	0.002697	3.4
981	-0.046219	205.534808	43.851433	0.000485	4.2
982	-0.184173	205.744323	43.810913	0.003891	4.0
983	-0.037816	205.953839	43.770468	0.000510	3.4
984	-0.359139	206.163354	43.730098	0.005549	3.3
985	-0.238421	206.372870	43.689803	0.001591	4.4
986	-0.096254	206.582386	43.649581	0.001319	4.0
987	-0.292558	206.791901	43.609434	0.007242	3.4
988	-0.041598	207.001417	43.569360	0.001234	3.7
989	-0.135568	207.210932	43.529360	0.004729	3.8
990	-0.331536	207.420448	43.489433	0.008187	4.0
991	-0.048771	207.629964	43.449580	0.001087	4.1
992	-0.171353	207.839479	43.409799	0.001902	4.2
993	-0.084151	208.048995	43.370091	0.001917	4.6
994	-0.306334	208.258510	43.330456	0.002057	3.9
995	-0.168473	208.468026	43.290893	0.004110	3.5
996	-0.238945	208.677542	43.251403	0.005271	3.4
997	-0.039070	208.887057	43.211984	0.001120	4.4
998	-0.080623	209.096573	43.172637	0.005045	4.2
999	-0.020157	209.306088	43.133362	0.001232	3.3
1000	-0.344889	209.515604	43.094158	0.006686	3.5
1001	-0.376023	209.725120	43.055025	0.003802	3.7
1002	-0.440226	209.934635	43.015963	0.003371	4.3
1003	-0.210806	210.144151	42.976973	0.003060	4.0
1004	-0.414851	210.353666	42.938052	0.008772	3.5
1005	-0.291001	210.563182	42.899203	0.002396	3.5
1006	-0.229271	210.772698	42.860423	0.003432	4.5
1007	-0.285397	210.982213	42.821713	0.002446	4.4
1008	-0.280087	211.191729	42.783074	0.002891	3.5
1009	-0.116026	211.401244	42.744504	0.002223	3.5
1010	-0.046786	211.610760	42.706003	0.001206	4.4
1011	-0.276717	211.820276	42.667572	0.006164	4.3
1012	-0.328013	212.029791	42.629210	0.004301	3.4
1013	-0.409323	212.239307	42.590916	0.003956	3.6
1014	-0.165442	212.448822	42.552692	0.001308	4.1
1015	-0.324498	212.658338	42.514536	0.005326	4.2
1016	-0.358527	212.867854	42.476448	0.003208	4.1
1017	-0.257224	213.077369	42.438429	0.002371	3.6
1018	-0.344545	213.286885	42.400478	0.005332	4.1
1019	-0.150744	213.496400	42.362594	0.001563	4.0
1020	-0.355272	213.705916	42.324778	0.002611	3.4
1021	-0.206126	213.915432	42.287030	0.001180	3.4
1022	-0.156261	214.124947	42.249348	0.001763	4.3
1023	-0.062771	214.334463	42.211734	0.000621	4.3
1024	-0.415005	214.543978	42.174187	0.007075	3.6
1025	-0.274915	214.753494	42.136707	0.003532	3.5
1026	-0.031092	214.963010	42.099293	0.000583	4.6
1027	-0.112607	215.172525	42.061945	0.001872	4.0
1028	-0.072393	215.382041	42.024664	0.001298	3.5
1029	-0.314648	215.591556	41.987449	0.003132	3.5
1030	-0.174704	215.801072	41.950299	0.004004	3.9
1031	-0.222464	216.010588	41.913215	0.003503	3.7
1032	-0.210537	216.220103	41.876197	0.004969	4.2
1033	-0.231069	216.429619	41.839244	0.001776	3.5
1034	-0.174298	216.639135	41.802357	0.003182	3.5
1035	-0.093302	216.848650	41.765534	0.001263	4.4
1036	-0.233041	217.058166	41.728776	0.006294	4.5
1037	-0.046474	217.267681	41.692083	0.001649	3.4
1038	-0.278082	217.477197	41.655454	0.003397	3.3
1039	-0.317334	217.686713	41.618889	0.004950	3.6
1040	-0.209021	217.896228	41.582389	0.001087	3.4
1041	-0.133438	218.105744	41.545952	0.002475	3.6
1042	-0.162920	218.315259	41.509580	0.003436	3.4
1043	-0.255206	218.524775	41.473271	0.004900	3.8
1044	-0.253954	218.734291	41.437025	0.003654	4.5
1045	-0.064774	218.943806	41.400843	0.001880	3.9
1046	-0.126407	219.153322	41.364724	0.005024	3.7
1047	-0.286555	219.362837	41.328668	0.003669	4.5
1048	-0.167816	219.572353	41.292674	0.003728	3.9
1049	-0.213381	219.781869	41.256744	0.005962	3.6
1050	-0.025161	219.991384	41.220875	0.000481	3.3
1051	-0.303732	220.200900	41.185070	0.003015	4.0
1052	-0.240718	220.410415	41.149326	0.002113	4.3
1053	-0.198818	220.619931	41.113644	0.001985	3.6
1054	-0.052616	220.829447	41.078024	0.001401	3.4
1055	-0.468590	221.038962	41.042466	0.002032	3.6
1056	-0.330740	221.248478	41.006969	0.005016	3.9
1057	-0.142654	221.457993	40.971534	0.004910	4.1
1058	-0.244088	221.667509	40.936159	0.002645	3.4
1059	-0.251965	221.877025	40.900846	0.005224	3.4
1060	-0.150320	222.086540	40.865594	0.001777	4.3
1061	-0.205773	222.296056	40.830402	0.001892	4.5
1062	-0.342888	222.505571	40.795271	0.004075	3.5
1063	-0.247343	222.715087	40.760201	0.006875	3.5
1064	-0.323648	222.924603	40.725190	0.004076	3.5
1065	-0.325480	223.134118	40.690240	0.005746	3.4
1066	-0.247376	223.343634	40.655350	0.000900	3.5
1067	-0.057921	223.553149	40.620519	0.000864	3.5
1068	-0.272754	223.762665	40.585748	0.003166	3.6
1069	-0.192701	223.972181	40.551036	0.003512	4.0
1070	-0.066951	224.181696	40.516384	0.001974	4.0
1071	-0.219543	224.391212	40.481791	0.004831	4.1
1072	-0.164119	224.600727	40.447257	0.001363	3.5
1073	-0.136948	224.810243	40.412782	0.005184	4.2
1074	-0.082956	225.019759	40.378366	0.000776	3.9
1075	-0.246038	225.229274	40.344008	0.002527	3.4
1076	-0.421048	225.438790	40.309709	0.003823	3.5
1077	-0.353313	225.648305	40.275468	0.006862	4.2
1078	-0.260206	225.857821	40.241285	0.002465	4.0
1079	-0.122570	226.067337	40.207160	0.002461	3.6
1080	-0.041540	226.276852	40.173092	0.000515	3.5
1081	-0.236109	226.486368	40.139083	0.001029	4.3
1082	-0.202316	226.695884	40.105131	0.002369	3.9
1083	-0.079760	226.905399	40.071236	0.001058	3.6
1084	-0.171969	227.114915	40.037399	0.002547	3.5
1085	-0.368142	227.324430	40.003619	0.002032	3.8
1086	-0.104554	227.533946	39.969895	0.002756	4.1
1087	-0.318785	227.743462	39.936229	0.005258	4.5
1088	-0.262171	227.952977	39.902619	0.003457	3.5
1089	-0.172080	228.162493	39.869066	0.002062	3.7
1090	-0.331574	228.372008	39.835569	0.003015	3.3
1091	-0.285158	228.581524	39.802128	0.003177	3.5
1092	-0.249524	228.791040	39.768744	0.002263	3.7
1093	-0.117182	229.000555	39.735415	0.002005	3.4
1094	-0.101319	229.210071	39.702142	0.002332	4.5
1095	-0.140490	229.419586	39.668925	0.003954	4.0
1096	-0.464518	229.629102	39.635764	0.002082	3.6
1097	-0.047854	229.838618	39.602657	0.001437	3.4
1098	-0.396406	230.048133	39.569606	0.005628	3.8
1099	-0.166808	230.257649	39.536611	0.002177	4.6
1100	-0.269554	230.467164	39.503670	0.008515	3.8
1101	-0.100330	230.676680	39.470784	0.001375	3.8
1102	-0.290551	230.886196	39.437953	0.005174	4.6
1103	-0.158637	231.095711	39.405176	0.005770	4.1
1104	-0.366043	231.305227	39.372454	0.002927	3.4
1105	-0.244587	231.514742	39.339786	0.002593	3.4
1106	-0.048810	231.724258	39.307172	0.001822	3.7
1107	-0.239857	231.933774	39.274612	0.001980	3.8
1108	-0.174506	232.143289	39.242106	0.002184	10.2
1109	-0.033371	232.352805	39.209654	0.001253	6.5
1110	-0.343138	232.562320	39.177256	0.004134	5.1
1111	-0.290410	232.771836	39.144911	0.004312	5.0
1112	-0.117014	232.981352	39.112619	0.001256	4.1
1113	-0.121285	233.190867	39.080381	0.003370	4.0
1114	-0.191558	233.400383	39.048195	0.006608	3.8
1115	-0.240401	233.609898	39.016063	0.003663	4.5
1116	-0.071861	233.819414	38.983984	0.000450	4.3
1117	-0.064756	234.028930	38.951957	0.001250	3.4
1118	-0.130361	234.238445	38.919983	0.002112	3.8
1119	-0.337418	234.447961	38.888061	0.005104	4.1
1120	-0.269165	234.657476	38.856191	0.003453	4.6
1121	-0.313976	234.866992	38.824374	0.001985	4.3
1122	-0.134147	235.076508	38.792609	0.003427	4.6
1123	-0.271292	235.286023	38.760896	0.004107	4.0
1124	-0.352565	235.495539	38.729234	0.003962	3.5
1125	-0.193383	235.705054	38.697625	0.003362	3.5
1126	-0.284390	235.914570	38.666066	0.001853	3.9
1127	-0.031032	236.124086	38.634560	0.000827	3.9
1128	-0.049118	236.333601	38.603104	0.000900	4.2
1129	-0.187299	236.543117	38.571700	0.006415	3.4
1130	-0.264718	236.752632	38.540347	0.003466	3.7
1131	-0.437787	236.962148	38.509044	0.004827	4.3
1132	-0.038821	237.171664	38.477793	0.000832	4.4
1133	-0.295712	237.381179	38.446592	0.003241	3.4
1134	-0.084882	237.590695	38.415442	0.001011	3.3
1135	-0.269750	237.800211	38.384342	0.004249	3.6
1136	-0.194073	238.009726	38.353293	0.002674	3.5
1137	-0.349980	238.219242	38.322293	0.004040	3.5
1138	-0.363309	238.428757	38.291344	0.004571	3.5
1139	-0.216876	238.638273	38.260445	0.000934	4.2
1140	-0.090739	238.847789	38.229595	0.002188	3.8
1141	-0.164894	239.057304	38.198796	0.004430	3.7
1142	-0.423274	239.266820	38.168046	0.008308	3.5
1143	-0.151911	239.476335	38.137345	0.004569	3.8
1144	-0.438376	239.685851	38.106694	0.006366	4.4
1145	-0.439066	239.895367	38.076091	0.004927	4.3
1146	-0.194767	240.104882	38.045538	0.002162	4.1
1147	-0.189640	240.314398	38.015034	0.002172	4.2
1148	-0.300149	240.523913	37.984579	0.005691	4.0
1149	-0.131991	240.733429	37.954173	0.002781	3.5
1150	-0.158860	240.942945	37.923815	0.001970	3.5
1151	-0.276912	241.152460	37.893506	0.004526	3.9
1152	-0.287596	241.361976	37.863245	0.004977	3.8
1153	-0.269372	241.571491	37.833033	0.001172	4.4
1154	-0.078694	241.781007	37.802868	0.003143	3.5
1155	-0.208225	241.990523	37.772752	0.003000	3.6
1156	-0.028345	242.200038	37.742684	0.001414	4.0
1157	-0.465261	242.409554	37.712663	0.002060	4.2
1158	-0.254144	242.619069	37.682691	0.003068	3.5
1159	-0.187619	242.828585	37.652765	0.004637	3.6
1160	-0.039784	243.038101	37.622888	0.001460	3.8
1161	-0.346952	243.247616	37.593058	0.002664	3.4
1162	-0.130445	243.457132	37.563275	0.001162	3.5
1163	-0.203726	243.666647	37.533539	0.005357	3.5
1164	-0.258576	243.876163	37.503850	0.003487	4.3
1165	-0.281201	244.085679	37.474208	0.001525	3.9
1166	-0.307404	244.295194	37.444613	0.005667	3.6
1167	-0.326105	244.504710	37.415064	0.003473	3.7
1168	-0.111420	244.714225	37.385563	0.001187	3.8
1169	-0.149480	244.923741	37.356107	0.003020	3.9
1170	-0.066990	245.133257	37.326699	0.001792	4.2
1171	-0.331599	245.342772	37.297336	0.004814	3.9
1172	-0.174149	245.552288	37.268019	0.003020	3.9
1173	-0.225208	245.761803	37.238749	0.001625	3.7
1174	-0.215832	245.971319	37.209524	0.002438	4.3
1175	-0.120492	246.180835	37.180346	0.001234	3.5
1176	-0.090610	246.390350	37.151213	0.001129	3.7
1177	-0.366978	246.599866	37.122126	0.002064	4.2
1178	-0.272655	246.809381	37.093084	0.001760	4.8
1179	-0.428500	247.018897	37.064087	0.005348	3.5
1180	-0.070489	247.228413	37.035136	0.002151	3.8
1181	-0.163106	247.437928	37.006230	0.002105	4.4
1182	-0.121503	247.647444	36.977370	0.002599	4.2
1183	-0.327174	247.856960	36.948554	0.002762	3.5
1184	-0.372966	248.066475	36.919783	0.005058	3.7
1185	-0.326127	248.275991	36.891057	0.003979	3.5
1186	-0.166549	248.485506	36.862375	0.002437	3.5
1187	-0.174654	248.695022	36.833738	0.001654	3.5
1188	-0.105915	248.904538	36.805146	0.002723	3.4
1189	-0.247554	249.114053	36.776598	0.001980	4.5
1190	-0.131242	249.323569	36.748094	0.002411	4.0
1191	-0.213556	249.533084	36.719634	0.001856	3.4
1192	-0.038426	249.742600	36.691218	0.001559	3.4
1193	-0.422291	249.952116	36.662847	0.007048	4.4
1194	-0.145665	250.161631	36.634519	0.002127	4.5
1195	-0.054103	250.371147	36.606235	0.001809	3.7
1196	-0.081487	250.580662	36.577994	0.001772	3.4
1197	-0.146337	250.790178	36.549797	0.001183	4.1
1198	-0.346389	250.999694	36.521643	0.004751	4.3
1199	-0.250452	251.209209	36.493533	0.002487	4.4
1200	-0.054076	251.418725	36.465466	0.000857	4.3
1201	-0.332253	251.628240	36.437443	0.005197	5.1
1202	-0.112392	251.837756	36.409462	0.000661	4.7
1203	-0.197812	252.047272	36.381524	0.002505	3.5
1204	-0.356789	252.256787	36.353629	0.006781	4.0
1205	-0.032754	252.466303	36.325777	0.000606	4.4
1206	-0.059139	252.675818	36.297967	0.001688	4.2
1207	-0.146871	252.885334	36.270200	0.001288	3.8
1208	-0.086316	253.094850	36.242475	0.002638	4.7
1209	-0.361255	253.304365	36.214793	0.005966	3.4
1210	-0.214881	253.513881	36.187153	0.002972	3.4
1211	-0.218708	253.723396	36.159555	0.003166	3.4
1212	-0.333504	253.932912	36.131999	0.004704	3.6
1213	-0.214925	254.142428	36.104486	0.001778	4.4
1214	-0.079585	254.351943	36.077014	0.001774	4.3
1215	-0.137942	254.561459	36.049584	0.002857	3.5
1216	-0.194817	254.770974	36.022195	0.001424	3.5
1217	-0.106991	254.980490	35.994848	0.004356	4.3
1218	-0.030343	255.190006	35.967543	0.000958	3.8
1219	-0.238787	255.399521	35.940279	0.001818	3.5
1220	-0.353322	255.609037	35.913056	0.002456	3.7
1221	-0.083264	255.818552	35.885875	0.001948	4.5
1222	-0.037838	256.028068	35.858734	0.000957	4.4
1223	-0.156461	256.237584	35.831635	0.001226	4.4
1224	-0.262818	256.447099	35.804576	0.002923	4.0
1225	-0.197974	256.656615	35.777559	0.005191	4.2
1226	-0.034638	256.866130	35.750582	0.001604	4.1
1227	-0.123347	257.075646	35.723646	0.003820	3.6
1228	-0.409999	257.285162	35.696750	0.004503	3.7
1229	-0.105868	257.494677	35.669895	0.001299	4.1
1230	-0.285862	257.704193	35.643080	0.005432	3.9
1231	-0.056281	257.913709	35.616305	0.000992	3.5
1232	-0.116685	258.123224	35.589571	0.005069	3.4
1233	-0.295228	258.332740	35.562877	0.002566	3.8
1234	-0.196665	258.542255	35.536223	0.006697	3.4
1235	-0.325328	258.751771	35.509608	0.005118	3.5
1236	-0.239254	258.961287	35.483034	0.002183	3.5
1237	-0.180687	259.170802	35.456499	0.002144	3.4
1238	-0.099312	259.380318	35.430004	0.002019	4.1
1239	-0.095835	259.589833	35.403549	0.001614	4.3
1240	-0.167029	259.799349	35.377133	0.002797	3.5
1241	-0.114468	260.008865	35.350756	0.002616	3.4
1242	-0.076936	260.218380	35.324419	0.001422	4.4
1243	-0.297771	260.427896	35.298121	0.002897	3.8
1244	-0.396983	260.637411	35.271862	0.005061	3.5
1245	-0.249044	260.846927	35.245642	0.002669	3.4
1246	-0.465016	261.056443	35.219461	0.004395	3.8
1247	-0.199492	261.265958	35.193319	0.003102	4.0
1248	-0.310060	261.475474	35.167215	0.002963	4.2
1249	-0.222315	261.684989	35.141151	0.001381	4.1
1250	-0.098536	261.894505	35.115125	0.002383	3.9
1251	-0.146285	262.104021	35.089137	0.002817	3.8
1252	-0.234127	262.313536	35.063188	0.004241	4.2
1253	-0.333949	262.523052	35.037277	0.004249	3.5
1254	-0.394529	262.732567	35.011405	0.004192	3.5
1255	-0.286491	262.942083	34.985571	0.004521	4.3
1256	-0.187355	263.151599	34.959775	0.004874	4.5
1257	-0.399076	263.361114	34.934016	0.002583	3.5
1258	-0.157757	263.570630	34.908296	0.002609	3.6
1259	-0.282295	263.780145	34.882614	0.003398	3.5
1260	-0.382535	263.989661	34.856969	0.003433	3.5
1261	-0.219518	264.199177	34.831362	0.005422	3.4
1262	-0.130291	264.408692	34.805793	0.002466	3.5
1263	-0.172317	264.618208	34.780261	0.002327	4.5
1264	-0.321081	264.827723	34.754767	0.004560	3.9
1265	-0.087940	265.037239	34.729310	0.000857	3.6
1266	-0.396622	265.246755	34.703890	0.004095	3.7
1267	-0.113053	265.456270	34.678507	0.004230	4.4
1268	-0.363853	265.665786	34.653162	0.004660	3.8
1269	-0.295241	265.875301	34.627853	0.004598	3.7
1270	-0.270340	266.084817	34.602582	0.002857	3.5
1271	-0.256684	266.294333	34.577347	0.005395	3.8
1272	-0.163686	266.503848	34.552149	0.002412	3.8
1273	-0.296325	266.713364	34.526988	0.002323	4.2
1274	-0.297053	266.922879	34.501863	0.005404	3.5
1275	-0.351228	267.132395	34.476775	0.003980	3.6
1276	-0.390452	267.341911	34.451724	0.003222	4.3
1277	-0.364970	267.551426	34.426708	0.003305	4.2
1278	-0.043661	267.760942	34.401730	0.001979	4.1
1279	-0.483055	267.970457	34.376787	0.002288	3.8
1280	-0.091723	268.179973	34.351880	0.002377	4.4
1281	-0.333955	268.389489	34.327010	0.006209	4.5
1282	-0.274602	268.599004	34.302175	0.002471	3.4
1283	-0.194343	268.808520	34.277377	0.001851	3.8
1284	-0.205723	269.018036	34.252614	0.002555	3.5
1285	-0.070534	269.227551	34.227887	0.001383	3.5
1286	-0.326168	269.437067	34.203196	0.003280	3.4
1287	-0.216691	269.646582	34.178540	0.004409	3.5
1288	-0.120867	269.856098	34.153920	0.002994	4.4
1289	-0.483010	270.065614	34.129335	0.003308	4.2
1290	-0.268048	270.275129	34.104786	0.003692	3.5
1291	-0.212666	270.484645	34.080272	0.004634	3.3
1292	-0.054702	270.694160	34.055793	0.000886	4.5
1293	-0.037809	270.903676	34.031349	0.000697	3.9
1294	-0.287720	271.113192	34.006940	0.004199	3.6
1295	-0.356807	271.322707	33.982567	0.006230	3.5
1296	-0.205905	271.532223	33.958228	0.001363	4.4
1297	-0.046092	271.741738	33.933924	0.000754	4.2
1298	-0.340474	271.951254	33.909655	0.003373	3.6
1299	-0.213579	272.160770	33.885420	0.003511	3.4
1300	-0.120027	272.370285	33.861220	0.001078	3.9
1301	-0.079695	272.579801	33.837055	0.003239	4.2
1302	-0.183588	272.789316	33.812924	0.004257	4.3
1303	-0.325522	272.998832	33.788828	0.002049	4.0
1304	-0.124788	273.208348	33.764765	0.001678	4.4
1305	-0.212472	273.417863	33.740737	0.004180	4.0
1306	-0.146639	273.627379	33.716744	0.001574	3.6
1307	-0.304995	273.836894	33.692784	0.003371	3.5
1308	-0.288254	274.046410	33.668859	0.002748	3.8
1309	-0.219787	274.255926	33.644967	0.004714	3.6
1310	-0.189826	274.465441	33.621109	0.002222	3.5
1311	-0.126745	274.674957	33.597285	0.002229	3.3
1312	-0.255072	274.884472	33.573495	0.002318	3.5
1313	-0.037850	275.093988	33.549738	0.000989	4.4
1314	-0.256757	275.303504	33.526015	0.004462	4.0
1315	-0.419550	275.513019	33.502326	0.006653	3.5
1316	-0.144841	275.722535	33.478670	0.001673	3.5
1317	-0.131241	275.932050	33.455047	0.001501	4.4
1318	-0.119131	276.141566	33.431458	0.001151	4.0
1319	-0.118796	276.351082	33.407902	0.000801	3.5
1320	-0.252956	276.560597	33.384379	0.002872	3.4
1321	-0.269248	276.770113	33.360890	0.004948	3.9
1322	-0.282412	276.979628	33.337433	0.001937	4.1
1323	-0.258986	277.189144	33.314009	0.002064	3.6
1324	-0.358105	277.398660	33.290618	0.002665	3.4
1325	-0.145225	277.608175	33.267260	0.002587	3.9
1326	-0.153541	277.817691	33.243935	0.002085	4.1
1327	-0.353764	278.027206	33.220642	0.003517	4.4
1328	-0.092300	278.236722	33.197382	0.002167	4.3
1329	-0.296872	278.446238	33.174155	0.006790	4.0
1330	-0.109050	278.655753	33.150960	0.003428	3.8
1331	-0.397665	278.865269	33.127797	0.003886	4.2
1332	-0.305434	279.074785	33.104667	0.003343	3.5
1333	-0.190006	279.284300	33.081569	0.002624	3.8
1334	-0.139344	279.493816	33.058503	0.001121	3.4
1335	-0.173699	279.703331	33.035470	0.004770	3.4
1336	-0.304221	279.912847	33.012468	0.004167	3.5
1337	-0.363059	280.122363	32.989499	0.006238	3.4
1338	-0.242620	280.331878	32.966561	0.005675	4.4
1339	-0.269533	280.541394	32.943656	0.006543	3.9
1340	-0.361955	280.750909	32.920782	0.002635	3.7
1341	-0.193839	280.960425	32.897940	0.001690	3.6
1342	-0.274408	281.169941	32.875129	0.006232	4.4
1343	-0.264120	281.379456	32.852350	0.004583	3.9
1344	-0.239144	281.588972	32.829603	0.004469	3.6
1345	-0.126262	281.798487	32.806887	0.002129	3.4
1346	-0.211718	282.008003	32.784203	0.003626	3.8
1347	-0.343866	282.217519	32.761550	0.001738	3.9
1348	-0.214748	282.427034	32.738928	0.003367	4.1
1349	-0.456426	282.636550	32.716337	0.003193	3.7
1350	-0.348248	282.846065	32.693778	0.005019	3.9
1351	-0.071537	283.055581	32.671250	0.005161	4.3
1352	-0.098839	283.265097	32.648753	0.002165	4.5
1353	-0.218204	283.474612	32.626286	0.002634	3.5
1354	-0.248841	283.684128	32.603851	0.003250	3.8
1355	-0.179893	283.893643	32.581446	0.004228	4.1
1356	-0.106891	284.103159	32.559072	0.004591	4.4
1357	-0.062815	284.312675	32.536729	0.001173	4.1
1358	-0.297193	284.522190	32.514417	0.003805	3.8
1359	-0.098997	284.731706	32.492135	0.003637	3.6
1360	-0.418824	284.941221	32.469884	0.003681	3.4
1361	-0.216012	285.150737	32.447663	0.002784	3.4
1362	-0.444512	285.360253	32.425472	0.004301	3.4
1363	-0.387111	285.569768	32.403312	0.004989	4.6
1364	-0.296108	285.779284	32.381182	0.006212	3.9
1365	-0.303137	285.988799	32.359082	0.003971	3.6
1366	-0.344814	286.198315	32.337013	0.004342	3.5
1367	-0.166519	286.407831	32.314973	0.003352	4.5
1368	-0.209380	286.617346	32.292964	0.004571	4.1
1369	-0.311721	286.826862	32.270984	0.004576	3.5
1370	-0.031865	287.036377	32.249035	0.000523	3.4
1371	-0.362720	287.245893	32.227115	0.002515	4.5
1372	-0.049362	287.455409	32.205225	0.001604	3.9
1373	-0.358690	287.664924	32.183365	0.005918	3.6
1374	-0.242547	287.874440	32.161534	0.003204	3.3
1375	-0.384359	288.083955	32.139733	0.002989	4.0
1376	-0.179980	288.293471	32.117962	0.002051	3.7
1377	-0.360098	288.502987	32.096220	0.004219	4.2
1378	-0.122544	288.712502	32.074507	0.002842	3.6
1379	-0.188192	288.922018	32.052824	0.001068	3.9
1380	-0.339723	289.131533	32.031170	0.003831	4.2
1381	-0.051037	289.341049	32.009545	0.000966	4.3
1382	-0.090492	289.550565	31.987950	0.002437	4.0
1383	-0.364552	289.760080	31.966383	0.004607	3.9
1384	-0.279440	289.969596	31.944846	0.002312	3.3
1385	-0.241394	290.179112	31.923338	0.001466	3.4
1386	-0.264380	290.388627	31.901858	0.001048	3.4
1387	-0.094744	290.598143	31.880408	0.001337	3.4
1388	-0.069564	290.807658	31.858986	0.001071	4.4
1389	-0.037268	291.017174	31.837593	0.000895	3.9
1390	-0.088301	291.226690	31.816229	0.003241	3.6
1391	-0.349310	291.436205	31.794893	0.007046	3.5
1392	-0.308882	291.645721	31.773586	0.003411	4.5
1393	-0.169070	291.855236	31.752308	0.004192	3.9
1394	-0.383403	292.064752	31.731058	0.003651	3.6
1395	-0.110983	292.274268	31.709837	0.005553	3.7
1396	-0.312889	292.483783	31.688643	0.003949	3.8
1397	-0.219967	292.693299	31.667479	0.003164	4.2
1398	-0.350128	292.902814	31.646342	0.002305	4.4
1399	-0.212751	293.112330	31.625234	0.004438	3.5
1400	-0.289062	293.321846	31.604153	0.003652	3.9
1401	-0.158956	293.531361	31.583101	0.005327	3.7
1402	-0.270844	293.740877	31.562077	0.002098	4.4
1403	-0.223182	293.950392	31.541081	0.002381	3.5
1404	-0.365656	294.159908	31.520113	0.005483	3.5
1405	-0.071838	294.369424	31.499172	0.001293	4.1
1406	-0.344695	294.578939	31.478260	0.004629	4.2
1407	-0.089334	294.788455	31.457375	0.001081	3.5
1408	-0.234741	294.997970	31.436518	0.004295	3.5
1409	-0.235238	295.207486	31.415688	0.004443	4.2
1410	-0.081777	295.417002	31.394886	0.001882	4.7
1411	-0.026288	295.626517	31.374112	0.000995	4.2
1412	-0.077768	295.836033	31.353365	0.003041	3.4
1413	-0.084969	296.045548	31.332646	0.004078	4.5
1414	-0.052849	296.255064	31.311954	0.000675	4.2
1415	-0.063246	296.464580	31.291289	0.001442	3.5
1416	-0.204271	296.674095	31.270651	0.003396	3.5
1417	-0.312450	296.883611	31.250041	0.003755	4.5
1418	-0.404058	297.093126	31.229458	0.003025	4.3
1419	-0.164709	297.302642	31.208902	0.002191	3.3
1420	-0.237156	297.512158	31.188373	0.001792	3.4
1421	-0.095016	297.721673	31.167870	0.001205	4.4
1422	-0.155924	297.931189	31.147395	0.001623	4.1
1423	-0.029418	298.140704	31.126947	0.000609	3.5
1424	-0.285779	298.350220	31.106526	0.003954	3.5
1425	-0.323277	298.559736	31.086131	0.004376	4.4
1426	-0.190850	298.769251	31.065763	0.004260	3.9
1427	-0.101331	298.978767	31.045422	0.002297	3.4
1428	-0.121107	299.188282	31.025107	0.001945	3.3
1429	-0.219594	299.397798	31.004819	0.005032	3.9
1430	-0.334529	299.607314	30.984558	0.002858	3.7
1431	-0.380379	299.816829	30.964323	0.006415	4.4
1432	-0.089150	300.026345	30.944114	0.002137	3.4
1433	-0.207075	300.235861	30.923932	0.002750	3.8
1434	-0.063293	300.445376	30.903776	0.000768	4.1
1435	-0.253441	300.654892	30.883646	0.006170	4.3
1436	-0.404852	300.864407	30.863543	0.004294	4.0
1437	-0.129006	301.073923	30.843465	0.001692	3.9
1438	-0.107193	301.283439	30.823414	0.004658	3.7
1439	-0.333056	301.492954	30.803389	0.008455	4.2
1440	-0.270362	301.702470	30.783390	0.004977	3.6
1441	-0.119469	301.911985	30.763416	0.001990	3.6
1442	-0.398949	302.121501	30.743469	0.006366	4.9
1443	-0.075696	302.331017	30.723547	0.004891	5.2
1444	-0.321502	302.540532	30.703652	0.005972	3.8
1445	-0.338322	302.750048	30.683782	0.004560	4.6
1446	-0.384425	302.959563	30.663938	0.003843	4.0
1447	-0.374925	303.169079	30.644119	0.003563	3.5
1448	-0.264786	303.378595	30.624326	0.002845	3.6
1449	-0.148033	303.588110	30.604559	0.002637	4.3
1450	-0.274564	303.797626	30.584817	0.001596	3.7
1451	-0.165696	304.007141	30.565100	0.002251	3.9
1452	-0.490826	304.216657	30.545409	0.004708	3.5
1453	-0.166564	304.426173	30.525743	0.001218	3.8
1454	-0.270962	304.635688	30.506103	0.003269	4.0
1455	-0.049163	304.845204	30.486488	0.001727	4.3
1456	-0.247361	305.054719	30.466898	0.004471	3.5
1457	-0.319412	305.264235	30.447333	0.004423	3.9
1458	-0.140533	305.473751	30.427793	0.003676	4.1
1459	-0.365742	305.683266	30.408279	0.004149	4.2
1460	-0.179021	305.892782	30.388789	0.001972	4.1
1461	-0.266943	306.102297	30.369325	0.004177	4.0
1462	-0.256496	306.311813	30.349885	0.004316	3.9
1463	-0.088989	306.521329	30.330470	0.002636	4.3
1464	-0.073946	306.730844	30.311080	0.002054	3.4
1465	-0.051022	306.940360	30.291715	0.000691	3.8
1466	-0.309691	307.149875	30.272374	0.003374	4.3
1467	-0.153439	307.359391	30.253058	0.004494	4.3
1468	-0.378414	307.568907	30.233767	0.006718	3.5
1469	-0.283207	307.778422	30.214501	0.006003	3.5
1470	-0.386441	307.987938	30.195259	0.004755	4.1
1471	-0.209685	308.197453	30.176041	0.003279	4.5
1472	-0.026869	308.406969	30.156848	0.000652	3.4
1473	-0.217117	308.616485	30.137679	0.002489	3.3
1474	-0.181225	308.826000	30.118535	0.003072	4.5
1475	-0.076594	309.035516	30.099415	0.001130	4.2
1476	-0.371311	309.245031	30.080319	0.006241	3.4
1477	-0.244352	309.454547	30.061247	0.002165	3.6
1478	-0.203948	309.664063	30.042200	0.004219	4.5
1479	-0.187974	309.873578	30.023176	0.002728	4.2
1480	-0.139277	310.083094	30.004177	0.002314	3.5
1481	-0.200157	310.292609	29.985202	0.001672	3.5
1482	-0.243362	310.502125	29.966251	0.005735	3.7
1483	-0.193289	310.711641	29.947324	0.001613	3.6
1484	-0.177014	310.921156	29.928420	0.003457	3.6
1485	-0.136972	311.130672	29.909541	0.001384	3.5
1486	-0.132121	311.340188	29.890685	0.001512	3.6
1487	-0.340549	311.549703	29.871853	0.005416	4.1
1488	-0.095156	311.759219	29.853045	0.006470	4.3
1489	-0.349458	311.968734	29.834260	0.004394	4.0
1490	-0.382598	312.178250	29.815499	0.002288	4.0
1491	-0.153137	312.387766	29.796762	0.000918	4.1
1492	-0.365811	312.597281	29.778048	0.006147	4.3
1493	-0.203834	312.806797	29.759358	0.004040	3.4
1494	-0.334878	313.016312	29.740691	0.002438	3.6
1495	-0.151986	313.225828	29.722047	0.005649	4.1
1496	-0.347467	313.435344	29.703427	0.005252	4.4
1497	-0.307319	313.644859	29.684830	0.004684	3.5
1498	-0.173132	313.854375	29.666257	0.002162	3.4
1499	-0.125753	314.063890	29.647706	0.002341	4.4
