1:ItNr	2:Metric	3:StepSize	4:||Gradient||	Time[ms]
0	-0.676188	1.000000	0.001140	146.8
1	-0.677226	1.000000	0.001076	2.0
2	-0.678135	1.000000	0.001019	2.2
3	-0.679121	1.000000	0.000963	1.9
4	-0.680059	1.000000	0.000916	2.1
5	-0.680897	1.000000	0.000868	2.0
6	-0.681763	1.000000	0.000855	2.1
7	-0.682596	1.000000	0.000819	2.0
8	-0.683400	1.000000	0.000796	2.0
9	-0.684181	1.000000	0.000773	2.0
10	-0.684936	1.000000	0.000742	2.5
11	-0.685665	1.000000	0.000719	1.9
12	-0.686381	1.000000	0.000708	2.0
13	-0.687079	1.000000	0.000687	2.0
14	-0.687894	1.000000	0.000659	1.9
15	-0.688553	1.000000	0.000658	2.0
16	-0.689202	1.000000	0.000647	2.0
17	-0.689841	1.000000	0.000633	1.9
18	-0.690459	1.000000	0.000610	2.3
19	-0.691059	1.000000	0.000591	2.0
20	-0.691645	1.000000	0.000582	2.2
21	-0.692220	1.000000	0.000573	2.3
22	-0.692788	1.000000	0.000558	2.1
23	-0.693339	1.000000	0.000544	2.0
24	-0.693870	1.000000	0.000521	2.1
25	-0.694382	1.000000	0.000505	2.1
26	-0.694883	1.000000	0.000495	2.3
27	-0.695376	1.000000	0.000493	2.3
28	-0.695861	1.000000	0.000478	1.9
29	-0.696336	1.000000	0.000469	1.9
30	-0.696800	1.000000	0.000459	2.2
31	-0.697251	1.000000	0.000445	2.1
32	-0.697691	1.000000	0.000438	2.2
33	-0.698126	1.000000	0.000428	2.4
34	-0.698549	1.000000	0.000421	2.0
35	-0.698967	1.000000	0.000415	1.9
36	-0.699381	1.000000	0.000411	1.9
37	-0.699787	1.000000	0.000403	1.9
38	-0.700188	1.000000	0.000397	2.6
39	-0.700577	1.000000	0.000385	2.0
40	-0.700955	1.000000	0.000377	2.1
41	-0.701328	1.000000	0.000368	2.5
42	-0.701697	1.000000	0.000370	1.9
43	-0.702065	1.000000	0.000366	2.5
44	-0.702433	1.000000	0.000367	1.9
45	-0.702794	1.000000	0.000362	1.9
46	-0.703148	1.000000	0.000346	2.0
47	-0.703493	1.000000	0.000346	2.1
48	-0.703839	1.000000	0.000343	2.2
49	-0.704180	1.000000	0.000342	2.1
50	-0.704521	1.000000	0.000344	2.0
51	-0.704861	1.000000	0.000338	1.9
52	-0.705193	1.000000	0.000328	1.9
53	-0.705516	1.000000	0.000323	2.0
54	-0.705835	1.000000	0.000318	2.0
55	-0.706151	1.000000	0.000319	1.9
56	-0.706469	1.000000	0.000321	2.1
57	-0.706789	1.000000	0.000321	2.2
58	-0.707109	1.000000	0.000319	2.2
59	-0.707422	1.000000	0.000316	1.8
60	-0.707733	1.000000	0.000309	2.0
61	-0.708039	1.000000	0.000307	1.9
62	-0.708342	1.000000	0.000307	1.9
63	-0.708647	1.000000	0.000310	1.9
64	-0.708955	1.000000	0.000306	2.1
65	-0.709260	1.000000	0.000307	2.3
66	-0.709565	1.000000	0.000304	1.8
67	-0.709864	1.000000	0.000299	2.0
68	-0.710159	1.000000	0.000296	1.9
69	-0.710453	1.000000	0.000296	2.1
70	-0.710744	1.000000	0.000291	1.8
71	-0.711033	1.000000	0.000290	2.0
72	-0.711322	1.000000	0.000290	1.9
73	-0.711613	1.000000	0.000291	2.7
74	-0.711902	1.000000	0.000289	2.6
75	-0.712190	1.000000	0.000290	2.5
76	-0.712479	1.000000	0.000289	2.1
77	-0.712765	1.000000	0.000290	2.2
78	-0.713052	1.000000	0.000287	2.0
79	-0.713331	1.000000	0.000283	1.9
80	-0.713610	1.000000	0.000278	2.5
81	-0.713885	1.000000	0.000275	1.8
82	-0.714160	1.000000	0.000281	1.9
83	-0.714436	1.000000	0.000279	1.9
84	-0.714761	1.000000	0.000274	1.9
85	-0.715034	1.000000	0.000277	1.8
86	-0.715433	1.000000	0.000273	1.9
87	-0.715664	1.000000	0.000272	2.1
88	-0.715965	1.000000	0.000270	2.2
89	-0.716229	1.000000	0.000268	1.9
90	-0.716426	1.000000	0.000264	1.9
91	-0.716692	1.000000	0.000266	1.9
92	-0.716952	1.000000	0.000263	2.2
93	-0.717211	1.000000	0.000262	2.2
94	-0.717463	1.000000	0.000260	2.1
95	-0.717716	1.000000	0.000256	1.9
96	-0.717971	1.000000	0.000257	2.2
97	-0.718231	1.000000	0.000261	2.3
98	-0.718489	1.000000	0.000255	1.9
99	-0.718740	1.000000	0.000253	1.9
100	-0.718992	1.000000	0.000253	1.9
101	-0.719338	1.000000	0.000252	1.9
102	-0.719587	1.000000	0.000249	1.9
103	-0.719834	1.000000	0.000247	1.9
104	-0.720079	1.000000	0.000248	2.4
105	-0.720326	1.000000	0.000248	1.9
106	-0.720574	1.000000	0.000249	1.8
107	-0.720823	1.000000	0.000248	2.0
108	-0.721068	1.000000	0.000244	1.9
109	-0.721312	1.000000	0.000244	1.9
110	-0.721553	1.000000	0.000240	1.9
111	-0.721793	1.000000	0.000247	1.9
112	-0.722036	1.000000	0.000243	2.2
113	-0.722275	1.000000	0.000239	1.9
114	-0.722514	1.000000	0.000241	2.0
115	-0.722753	1.000000	0.000241	1.9
116	-0.722992	1.000000	0.000241	1.9
117	-0.723229	1.000000	0.000239	1.9
118	-0.723468	1.000000	0.000243	1.9
119	-0.723709	1.000000	0.000247	1.9
120	-0.723953	1.000000	0.000245	2.2
121	-0.724196	1.000000	0.000240	2.2
122	-0.724435	1.000000	0.000239	2.3
123	-0.724673	1.000000	0.000236	1.9
124	-0.724907	1.000000	0.000237	2.0
125	-0.725141	1.000000	0.000237	1.9
126	-0.725375	1.000000	0.000236	1.9
127	-0.725607	1.000000	0.000242	1.9
128	-0.725842	1.000000	0.000242	2.3
129	-0.726075	1.000000	0.000242	2.0
130	-0.726305	1.000000	0.000241	1.9
131	-0.726536	1.000000	0.000240	2.0
132	-0.726773	1.000000	0.000238	1.9
133	-0.727003	1.000000	0.000236	1.9
134	-0.727223	1.000000	0.000240	2.0
135	-0.727445	1.000000	0.000244	1.9
136	-0.727660	1.000000	0.000249	2.3
137	-0.727875	1.000000	0.000244	1.9
138	-0.728100	1.000000	0.000234	2.0
139	-0.728330	1.000000	0.000232	1.9
140	-0.728559	1.000000	0.000231	1.9
141	-0.728789	1.000000	0.000231	1.9
142	-0.729019	1.000000	0.000237	2.0
143	-0.729249	1.000000	0.000244	1.9
144	-0.729523	1.000000	0.000246	2.3
145	-0.729742	1.000000	0.000247	1.9
146	-0.729955	1.000000	0.000242	1.9
147	-0.730177	1.000000	0.000244	1.9
148	-0.730295	1.000000	0.000241	1.9
149	-0.730509	1.000000	0.000237	2.0
150	-0.730726	1.000000	0.000232	1.9
151	-0.730951	1.000000	0.000233	1.9
152	-0.731178	1.000000	0.000228	2.1
153	-0.731402	1.000000	0.000225	2.2
154	-0.731621	1.000000	0.000223	1.9
155	-0.731841	1.000000	0.000226	2.0
156	-0.732106	1.000000	0.000233	2.0
157	-0.732311	1.000000	0.000238	2.0
158	-0.732509	1.000000	0.000234	1.9
159	-0.732709	1.000000	0.000237	2.3
160	-0.732925	1.000000	0.000249	2.2
161	-0.733072	1.000000	0.000262	2.1
162	-0.733241	1.000000	0.000253	2.0
163	-0.733393	1.000000	0.000256	2.0
164	-0.733581	1.000000	0.000258	1.9
165	-0.733724	1.000000	0.000255	1.9
166	-0.733910	1.000000	0.000255	1.9
167	-0.734076	1.000000	0.000253	2.0
168	-0.734230	1.000000	0.000253	2.2
169	-0.734392	1.000000	0.000252	2.3
170	-0.734539	1.000000	0.000253	2.2
171	-0.734696	1.000000	0.000245	2.1
172	-0.735040	1.000000	0.000265	1.9
173	-0.734985	1.000000	0.000266	2.0
174	-0.735243	1.000000	0.000260	2.0
175	-0.735268	1.000000	0.000254	1.9
176	-0.735524	1.000000	0.000255	2.3
177	-0.735545	1.000000	0.000255	2.0
178	-0.735799	1.000000	0.000260	1.9
179	-0.735807	0.500000	0.000264	1.9
180	-0.736023	0.500000	0.000191	2.0
181	-0.736115	0.500000	0.000184	2.0
182	-0.736205	0.500000	0.000181	1.9
183	-0.736296	0.500000	0.000180	1.9
184	-0.736385	0.500000	0.000179	2.4
185	-0.736473	0.500000	0.000178	2.0
186	-0.736561	0.500000	0.000178	1.9
187	-0.736650	0.500000	0.000179	1.9
188	-0.736739	0.500000	0.000176	1.9
189	-0.736826	0.500000	0.000175	1.9
190	-0.736913	0.500000	0.000172	2.0
191	-0.736999	0.500000	0.000171	1.9
192	-0.737084	0.500000	0.000170	2.2
193	-0.737169	0.500000	0.000170	2.1
194	-0.737253	0.500000	0.000169	1.9
195	-0.737337	0.500000	0.000168	1.9
196	-0.737420	0.500000	0.000167	2.0
197	-0.737503	0.500000	0.000165	2.3
198	-0.737585	0.500000	0.000164	1.9
199	-0.737668	0.500000	0.000162	1.9
200	-0.737747	0.500000	0.000163	2.2
201	-0.737802	0.500000	0.000164	2.1
202	-0.737880	0.500000	0.000163	2.0
203	-0.737958	0.500000	0.000160	2.0
204	-0.738036	0.500000	0.000158	2.0
205	-0.738114	0.500000	0.000159	2.0
206	-0.738192	0.500000	0.000157	1.9
207	-0.738269	0.500000	0.000155	1.9
208	-0.738346	0.500000	0.000154	2.2
209	-0.738422	0.500000	0.000153	2.1
210	-0.738499	0.500000	0.000154	1.9
211	-0.738575	0.500000	0.000153	2.1
212	-0.738651	0.500000	0.000153	1.9
213	-0.738727	0.500000	0.000155	1.9
214	-0.738804	0.500000	0.000155	2.0
215	-0.738880	0.500000	0.000153	2.0
216	-0.738957	0.500000	0.000153	2.2
217	-0.739032	0.500000	0.000151	2.3
218	-0.739107	0.500000	0.000150	2.2
219	-0.739182	0.500000	0.000149	1.9
220	-0.739256	0.500000	0.000149	2.0
221	-0.739330	0.500000	0.000149	2.0
222	-0.739404	0.500000	0.000148	1.9
223	-0.739477	0.500000	0.000147	1.9
224	-0.739550	0.500000	0.000146	2.3
225	-0.739621	0.500000	0.000146	2.1
226	-0.739692	0.500000	0.000146	1.9
227	-0.739760	0.500000	0.000144	1.9
228	-0.739831	0.500000	0.000143	1.9
229	-0.739901	0.500000	0.000142	1.9
230	-0.739971	0.500000	0.000142	2.0
231	-0.740041	0.500000	0.000143	1.9
232	-0.740109	0.500000	0.000145	2.2
233	-0.740445	0.500000	0.000143	2.2
234	-0.740244	0.500000	0.000141	2.0
235	-0.740581	0.500000	0.000139	1.9
236	-0.740379	0.500000	0.000140	1.9
237	-0.740716	0.500000	0.000140	2.0
238	-0.740783	0.500000	0.000138	2.0
239	-0.740849	0.500000	0.000137	1.9
240	-0.740915	0.500000	0.000136	2.2
241	-0.740981	0.500000	0.000136	2.1
242	-0.741044	0.500000	0.000137	1.9
243	-0.741107	0.500000	0.000140	1.9
244	-0.741166	0.500000	0.000147	1.9
245	-0.741224	0.500000	0.000148	2.1
246	-0.741280	0.500000	0.000146	2.0
247	-0.741279	0.500000	0.000142	1.9
248	-0.741397	0.500000	0.000140	2.1
249	-0.741397	0.500000	0.000137	2.2
250	-0.741516	0.500000	0.000139	1.9
251	-0.741514	0.500000	0.000139	1.9
252	-0.741572	0.500000	0.000137	1.9
253	-0.741629	0.500000	0.000139	2.0
254	-0.741691	0.500000	0.000141	1.9
255	-0.741747	0.500000	0.000143	1.9
256	-0.741807	0.500000	0.000145	2.0
257	-0.741861	0.500000	0.000146	2.3
258	-0.741917	0.500000	0.000146	2.4
259	-0.741974	0.500000	0.000145	1.9
260	-0.742030	0.500000	0.000150	2.0
261	-0.742081	0.500000	0.000151	2.0
262	-0.742136	0.500000	0.000146	2.0
263	-0.742235	0.500000	0.000138	2.0
264	-0.742250	0.500000	0.000137	2.1
265	-0.742350	0.500000	0.000138	2.4
266	-0.742408	0.500000	0.000142	2.3
267	-0.742461	0.500000	0.000143	6.9
268	-0.742517	0.500000	0.000140	5.7
269	-0.742570	0.500000	0.000142	5.3
270	-0.742623	0.500000	0.000144	4.0
271	-0.742674	0.500000	0.000144	3.6
272	-0.742727	0.500000	0.000146	4.0
273	-0.742787	0.500000	0.000144	2.8
274	-0.742842	0.500000	0.000147	2.7
275	-0.742891	0.500000	0.000151	2.5
276	-0.742944	0.500000	0.000153	2.4
277	-0.742802	0.500000	0.000158	2.4
278	-0.743040	0.500000	0.000157	2.5
279	-0.742831	0.500000	0.000156	2.1
280	-0.742880	0.500000	0.000159	2.4
281	-0.742922	0.500000	0.000164	1.9
282	-0.742969	0.500000	0.000162	1.9
283	-0.742901	0.500000	0.000159	1.9
284	-0.743060	0.500000	0.000160	1.9
285	-0.742990	0.500000	0.000156	1.8
286	-0.743039	0.500000	0.000155	2.1
287	-0.743078	0.500000	0.000174	2.1
288	-0.743117	0.250000	0.000177	2.1
289	-0.743149	0.250000	0.000117	1.9
290	-0.743178	0.250000	0.000115	1.9
291	-0.743207	0.250000	0.000115	1.8
292	-0.743236	0.250000	0.000115	1.9
293	-0.743264	0.250000	0.000115	2.0
294	-0.743340	0.250000	0.000116	2.1
295	-0.743369	0.250000	0.000115	2.0
296	-0.743398	0.250000	0.000115	1.9
297	-0.743426	0.250000	0.000115	1.8
298	-0.743454	0.250000	0.000115	1.9
299	-0.743483	0.250000	0.000114	1.9
300	-0.743511	0.250000	0.000114	1.9
301	-0.743540	0.250000	0.000114	1.9
302	-0.743568	0.250000	0.000113	2.0
303	-0.743658	0.250000	0.000114	2.3
304	-0.743687	0.250000	0.000113	1.8
305	-0.743715	0.250000	0.000113	2.2
306	-0.743810	0.250000	0.000112	1.8
307	-0.743838	0.250000	0.000112	2.2
308	-0.743866	0.250000	0.000112	1.8
309	-0.743893	0.250000	0.000111	1.8
310	-0.743921	0.250000	0.000111	1.9
311	-0.743949	0.250000	0.000111	2.2
312	-0.743977	0.250000	0.000111	2.1
313	-0.744004	0.250000	0.000111	1.9
314	-0.744032	0.250000	0.000111	1.9
315	-0.744060	0.250000	0.000111	1.8
316	-0.744087	0.250000	0.000111	2.1
317	-0.744115	0.250000	0.000111	1.8
318	-0.744143	0.250000	0.000111	1.9
319	-0.744171	0.250000	0.000111	2.2
320	-0.744198	0.250000	0.000111	1.9
321	-0.744158	0.250000	0.000111	1.9
322	-0.744185	0.250000	0.000110	1.9
323	-0.744213	0.250000	0.000110	2.0
324	-0.744240	0.250000	0.000109	1.9
325	-0.744267	0.250000	0.000109	1.9
326	-0.744294	0.250000	0.000108	1.9
327	-0.744321	0.250000	0.000108	2.2
328	-0.744348	0.250000	0.000108	2.0
329	-0.744375	0.250000	0.000108	1.9
330	-0.744402	0.250000	0.000108	1.9
331	-0.744429	0.250000	0.000108	1.9
332	-0.744456	0.250000	0.000108	1.9
333	-0.744482	0.250000	0.000108	1.9
334	-0.744509	0.250000	0.000108	1.9
335	-0.744535	0.250000	0.000108	2.1
336	-0.744562	0.250000	0.000108	2.2
337	-0.744562	0.250000	0.000109	2.1
338	-0.744589	0.250000	0.000109	2.1
339	-0.744616	0.250000	0.000108	1.9
340	-0.744643	0.250000	0.000107	2.0
341	-0.744669	0.250000	0.000107	1.9
342	-0.744645	0.250000	0.000107	2.0
343	-0.744672	0.250000	0.000107	2.3
344	-0.744698	0.250000	0.000107	2.1
345	-0.744725	0.250000	0.000106	1.9
346	-0.744751	0.250000	0.000106	2.0
347	-0.744778	0.250000	0.000105	2.0
348	-0.744804	0.250000	0.000106	2.0
349	-0.744830	0.250000	0.000105	2.0
350	-0.744856	0.250000	0.000105	1.9
351	-0.744883	0.250000	0.000107	2.1
352	-0.744909	0.250000	0.000106	2.1
353	-0.744935	0.250000	0.000107	2.3
354	-0.744962	0.250000	0.000108	1.9
355	-0.744989	0.250000	0.000111	1.9
356	-0.745028	0.250000	0.000116	1.9
357	-0.745056	0.250000	0.000111	2.1
358	-0.745084	0.250000	0.000110	2.0
359	-0.745111	0.250000	0.000110	2.2
360	-0.745138	0.250000	0.000109	2.1
361	-0.745165	0.250000	0.000109	1.9
362	-0.745192	0.250000	0.000108	1.9
363	-0.745219	0.250000	0.000107	2.0
364	-0.745245	0.250000	0.000107	1.9
365	-0.745272	0.250000	0.000107	1.9
366	-0.745324	0.250000	0.000107	2.0
367	-0.745350	0.250000	0.000108	2.3
368	-0.745377	0.250000	0.000108	2.2
369	-0.745403	0.250000	0.000110	2.0
370	-0.745428	0.250000	0.000111	2.2
371	-0.745452	0.250000	0.000112	1.9
372	-0.745477	0.250000	0.000112	1.9
373	-0.745501	0.250000	0.000109	2.0
374	-0.745554	0.250000	0.000105	1.9
375	-0.745579	0.250000	0.000104	2.3
376	-0.745604	0.250000	0.000103	1.9
377	-0.745630	0.250000	0.000103	2.0
378	-0.745655	0.250000	0.000102	1.9
379	-0.745681	0.250000	0.000102	2.0
380	-0.745706	0.250000	0.000102	1.9
381	-0.745731	0.250000	0.000102	1.9
382	-0.745756	0.250000	0.000101	1.9
383	-0.745781	0.250000	0.000101	2.2
384	-0.745809	0.250000	0.000103	2.1
385	-0.745834	0.250000	0.000102	1.8
386	-0.745859	0.250000	0.000103	1.9
387	-0.745884	0.250000	0.000103	2.0
388	-0.745909	0.250000	0.000102	1.9
389	-0.745934	0.250000	0.000103	1.9
390	-0.745932	0.250000	0.000102	2.0
391	-0.745957	0.250000	0.000102	1.9
392	-0.745982	0.250000	0.000101	2.2
393	-0.746007	0.250000	0.000101	1.9
394	-0.746032	0.250000	0.000101	1.9
395	-0.746057	0.250000	0.000100	2.0
396	-0.746082	0.250000	0.000100	1.9
397	-0.746106	0.250000	0.000100	2.1
398	-0.746131	0.250000	0.000100	1.9
399	-0.746156	0.250000	0.000100	1.9
400	-0.746181	0.250000	0.000100	2.3
401	-0.746205	0.250000	0.000100	2.2
402	-0.746230	0.250000	0.000100	2.0
403	-0.746254	0.250000	0.000099	2.0
404	-0.746279	0.250000	0.000099	1.9
405	-0.746303	0.250000	0.000099	2.0
406	-0.746328	0.250000	0.000100	1.9
407	-0.746352	0.250000	0.000100	2.4
408	-0.746376	0.250000	0.000101	2.7
409	-0.746400	0.250000	0.000102	1.9
410	-0.746425	0.250000	0.000103	2.0
411	-0.746450	0.250000	0.000107	2.0
412	-0.746476	0.250000	0.000103	2.0
413	-0.746501	0.250000	0.000102	2.0
414	-0.746527	0.250000	0.000104	2.0
415	-0.746560	0.250000	0.000103	2.3
416	-0.746585	0.250000	0.000102	2.1
417	-0.746609	0.250000	0.000102	2.0
418	-0.746634	0.250000	0.000101	2.0
419	-0.746658	0.250000	0.000102	2.0
420	-0.746683	0.250000	0.000101	1.9
421	-0.746708	0.250000	0.000101	1.9
422	-0.746732	0.250000	0.000102	1.9
423	-0.746757	0.250000	0.000100	2.2
424	-0.746782	0.250000	0.000099	2.1
425	-0.746806	0.250000	0.000098	1.9
426	-0.746831	0.250000	0.000098	1.9
427	-0.747022	0.250000	0.000099	2.0
428	-0.747032	0.250000	0.000098	1.9
429	-0.747056	0.250000	0.000098	1.9
430	-0.747080	0.250000	0.000097	1.9
431	-0.747104	0.250000	0.000097	2.2
432	-0.747129	0.250000	0.000096	2.3
433	-0.747153	0.250000	0.000096	2.2
434	-0.747177	0.250000	0.000096	1.9
435	-0.747201	0.250000	0.000096	1.9
436	-0.747224	0.250000	0.000096	2.2
437	-0.747248	0.250000	0.000096	1.9
438	-0.747241	0.250000	0.000097	1.9
439	-0.747285	0.250000	0.000098	2.2
440	-0.747309	0.250000	0.000097	2.2
441	-0.747333	0.250000	0.000097	1.9
442	-0.747357	0.250000	0.000096	1.9
443	-0.747381	0.250000	0.000097	2.2
444	-0.747425	0.250000	0.000098	1.9
445	-0.747448	0.250000	0.000100	2.0
446	-0.747471	0.250000	0.000098	2.0
447	-0.747495	0.250000	0.000096	2.4
448	-0.747518	0.250000	0.000096	2.2
449	-0.747542	0.250000	0.000096	2.3
450	-0.747565	0.250000	0.000096	2.2
451	-0.747588	0.250000	0.000096	1.9
452	-0.747611	0.250000	0.000095	1.9
453	-0.747846	0.250000	0.000096	2.0
454	-0.747657	0.250000	0.000095	1.9
455	-0.747892	0.250000	0.000097	2.4
456	-0.747915	0.250000	0.000096	2.2
457	-0.747939	0.250000	0.000095	2.2
458	-0.747962	0.250000	0.000094	2.0
459	-0.747986	0.250000	0.000094	2.0
460	-0.747992	0.250000	0.000095	2.0
461	-0.748016	0.250000	0.000095	1.9
462	-0.748039	0.250000	0.000095	2.2
463	-0.748063	0.250000	0.000094	2.3
464	-0.748086	0.250000	0.000094	2.2
465	-0.748110	0.250000	0.000094	1.9
466	-0.748133	0.250000	0.000093	2.0
467	-0.748156	0.250000	0.000093	2.0
468	-0.748179	0.250000	0.000093	1.9
469	-0.748202	0.250000	0.000093	2.0
470	-0.748225	0.250000	0.000094	2.3
471	-0.748249	0.250000	0.000095	2.3
472	-0.748272	0.250000	0.000096	1.9
473	-0.748295	0.250000	0.000095	2.0
474	-0.748318	0.250000	0.000094	2.0
475	-0.748342	0.250000	0.000094	2.1
476	-0.748365	0.250000	0.000094	2.0
477	-0.748388	0.250000	0.000095	1.9
478	-0.748412	0.250000	0.000094	2.2
479	-0.748435	0.250000	0.000094	2.0
480	-0.748459	0.250000	0.000094	2.0
481	-0.748462	0.250000	0.000093	1.9
482	-0.748486	0.250000	0.000094	2.0
483	-0.748509	0.250000	0.000093	1.9
484	-0.748532	0.250000	0.000093	1.9
485	-0.748555	0.250000	0.000094	1.9
486	-0.748579	0.250000	0.000094	2.2
487	-0.748602	0.250000	0.000093	2.0
488	-0.748626	0.250000	0.000096	1.9
489	-0.748649	0.250000	0.000095	1.9
490	-0.748673	0.250000	0.000095	1.9
491	-0.748696	0.250000	0.000094	1.9
492	-0.748720	0.250000	0.000094	2.0
493	-0.748743	0.250000	0.000094	2.1
494	-0.748767	0.250000	0.000096	2.2
495	-0.748791	0.250000	0.000096	2.3
496	-0.748814	0.250000	0.000096	2.2
497	-0.748838	0.250000	0.000098	1.9
498	-0.748862	0.250000	0.000097	1.9
499	-0.748885	0.250000	0.000096	2.0
